	Jong/name	Zwitser/noun	aanvankelijk/adj	achterkant/noun	arrangement/noun	bak/noun	beeld_merk/noun	begeleiding/noun	benadering/noun	beweging/noun	bijzonder/adj	blik/noun	bocht/noun	body/noun	breakdance/noun	carrosserie/noun	choreografie/noun	compositie/noun	constructie/noun	dan_pas_DIM/noun	dance/noun	decolleté/noun	des/adv	die/det	eenzijdig/adj	eerder/adj	elleboog/noun	en/vg	even/adj	even/adv	figuur/noun	film/noun	fysiek/noun	gebaar/noun	gebouw/noun	gelaat/noun	gelaat_trek/noun	geluid/noun	generaal/noun	gezicht/noun	gitaar/noun	glas/noun	grafiek/noun	grooves/noun	handschrift/noun	hartstochtelijk/adj	heftigheid/noun	heup/noun	hoofd/noun	iets/noun	ietwat/adv	interview/noun	jongen/noun	kaak/noun	kant_DIM/noun	kap_DIM/noun	karakter/noun	kassei/noun	kast_DIM/noun	klank/noun	koets_werk/noun	kop/noun	korrel/noun	la/noun	landschap/noun	lekker/adj	letter/noun	lichaam/noun	lichaam_taal/noun	lied/noun	lied_DIM/noun	lijn/noun	look/noun	manier/noun	mengsel/noun	minder/adj	model/noun	mooi/adj	motoriek/noun	muziek/noun	nogal/adv	one-liners/noun	opgebouwd/adj	opgetrokken/adj	patroon/noun	persoonlijkheid/noun	pixels/noun	raam/noun	ritme/noun	ritmiek/noun	rock/noun	ronding/noun	schouder/noun	slurf/noun	snavel/noun	snuit/noun	speelstijl/noun	steeds/adv	steen/noun	stekel/noun	stijl/noun	symbool/noun	taal/noun	tafel/noun	tamelijk/adj	te/adv	thema/noun	tred/noun	trek/noun	trouwring/noun	uitgestoken/adj	uitspanning/noun	uitwerking/noun	vaas/noun	veel/adj	veelal/adv	verfilming/noun	verzorger/noun	vijver/noun	viool/noun	volume/noun	vorm/noun	wat/adv	weg_net/noun	wolkenkrabber/noun	woonkamer/noun	ze/pron	zeer/adv	zo/adj	zo/adv
Jong/name	0.0	0.88376135	0.84203136	0.9249126	0.9280666	0.9044411	0.95766133	0.90191305	0.9058388	0.86819196	0.86860526	0.86413646	0.9037182	0.96130294	0.97457844	0.9645457	0.9064908	0.89896345	0.90930337	0.93790287	0.93984187	0.9593658	0.896983	0.8581617	0.8976326	0.8502997	0.91380566	0.79848266	0.85824287	0.8617352	0.871478	0.8793018	0.9290451	0.8575615	0.93889296	0.90056634	0.96433425	0.89819914	0.8734732	0.8475558	0.9125175	0.9209705	0.94912696	0.976313	0.9250698	0.9002226	0.9576744	0.8931747	0.87143576	0.93102497	0.85521305	0.85388964	0.8822012	0.91909355	0.94067115	0.9735835	0.8740449	0.9341709	0.952764	0.91673434	0.96138436	0.8958181	0.951648	0.90033793	0.9205959	0.9064166	0.9221235	0.9030741	0.9341492	0.8875985	0.88834953	0.89796495	0.9372124	0.8988695	0.9443023	0.9068088	0.8815144	0.8856796	0.9423205	0.89378434	0.8557378	0.9647223	0.9157833	0.93338794	0.91783696	0.8751635	0.9821241	0.8964063	0.91308683	0.9535759	0.9190431	0.9780098	0.8759401	0.97349375	0.96178544	0.9722624	0.94230497	0.8657196	0.90585095	0.968732	0.87399125	0.9010368	0.89655435	0.8969911	0.86614084	0.8965342	0.8808286	0.92746097	0.8948301	0.9722357	0.93075335	0.95852023	0.9127734	0.9463575	0.88995767	0.8607188	0.90148044	0.91797006	0.925803	0.9251727	0.9422821	0.90364563	0.879686	0.975111	0.9498397	0.93451387	0.8458278	0.87586224	0.89085597	0.8846076
Zwitser/noun	0.88376135	0.0	0.81589067	0.9428209	0.9305816	0.9298959	0.9758853	0.9272921	0.91339004	0.8985937	0.9036524	0.90962476	0.8933506	0.9532093	0.9505547	0.9493186	0.92637074	0.92641425	0.8993038	0.964576	0.9439927	0.9357509	0.88039	0.85343474	0.8896135	0.8727257	0.9208961	0.83541495	0.8831718	0.8627207	0.8882633	0.9391413	0.90189713	0.9037523	0.92098594	0.902448	0.9517127	0.9362924	0.8779381	0.92692906	0.92605937	0.9233196	0.9338867	0.9620268	0.94054484	0.8968982	0.96914846	0.9123479	0.9137682	0.91031635	0.88435245	0.908654	0.8521299	0.94192815	0.94488174	0.96228945	0.91212183	0.9093255	0.9233933	0.9144074	0.94799036	0.9055405	0.9344965	0.9296816	0.9104302	0.9228844	0.92112565	0.90767485	0.9574301	0.90868664	0.92845124	0.90443385	0.9336315	0.8955654	0.9511319	0.89308405	0.91404957	0.91593146	0.9396845	0.9293844	0.8762179	0.936799	0.9196938	0.9354904	0.8984621	0.8928371	0.96871185	0.91012686	0.9059016	0.95474774	0.9349699	0.9600066	0.9265773	0.9664247	0.9431572	0.94897735	0.9123762	0.86023575	0.8951413	0.97449553	0.88453996	0.9064468	0.91111165	0.89779776	0.8859697	0.8898927	0.92587703	0.8935756	0.90603775	0.94619703	0.95314556	0.9381623	0.92159337	0.93346727	0.88314396	0.8514625	0.9345707	0.9170332	0.9338956	0.9372201	0.9204291	0.91293323	0.8905006	0.92554706	0.938594	0.935375	0.8521628	0.8767615	0.9022485	0.86183727
aanvankelijk/adj	0.84203136	0.81589067	0.0	0.9095824	0.8844759	0.8756198	0.9534075	0.85492986	0.827149	0.78182983	0.80130863	0.7799777	0.83033323	0.92549247	0.9410809	0.91786814	0.88507205	0.83289	0.8333713	0.93435496	0.91246736	0.93215936	0.7942231	0.74215317	0.816671	0.6803121	0.9057589	0.69292074	0.7373378	0.7352947	0.79776675	0.8285186	0.9087812	0.8105117	0.856604	0.8806458	0.93259	0.79752797	0.81231654	0.8157745	0.86983323	0.8613579	0.9008519	0.92849565	0.91067773	0.83011985	0.9338947	0.8688233	0.8472072	0.8274442	0.7688712	0.83642334	0.7961163	0.9042436	0.914215	0.96731234	0.7949916	0.9106121	0.9035958	0.8279657	0.92396516	0.8247229	0.9249964	0.8483718	0.83493245	0.8626661	0.86368465	0.80842924	0.9037342	0.8346666	0.8486758	0.8145139	0.9235692	0.8148899	0.89907265	0.73448724	0.80815935	0.85756135	0.91518044	0.8278238	0.71479166	0.9131191	0.8784299	0.8992047	0.83631194	0.82912165	0.9691573	0.869419	0.811565	0.9036525	0.85945904	0.9525812	0.8498279	0.9464555	0.9487267	0.93698096	0.87112427	0.68756324	0.84578586	0.9633483	0.7967667	0.8455074	0.81699014	0.84126806	0.7531655	0.77505016	0.83716834	0.88836503	0.848724	0.950416	0.9208682	0.9461772	0.84010273	0.9091365	0.7479798	0.744828	0.8802245	0.90225106	0.89111614	0.8877107	0.87311566	0.7913316	0.7285019	0.9304739	0.8898511	0.90286934	0.7458539	0.7663265	0.7733859	0.73262256
achterkant/noun	0.9249126	0.9428209	0.9095824	0.0	0.9125426	0.8212043	0.9240761	0.9399482	0.91189456	0.8862998	0.89055955	0.7941853	0.79957384	0.9128249	0.9537161	0.79359215	0.91304517	0.8613515	0.77981067	0.91900533	0.9391266	0.89107615	0.90010065	0.8508653	0.9311701	0.9311558	0.83482224	0.74964905	0.8505459	0.8316323	0.85022956	0.90780026	0.94692045	0.8768927	0.7126524	0.8469869	0.91441387	0.85839725	0.92791563	0.79350555	0.8892687	0.7370928	0.8971841	0.9490584	0.87605315	0.9215923	0.97395873	0.83519024	0.82186973	0.9032732	0.83454126	0.91204	0.8894381	0.85997957	0.89225495	0.845417	0.88204795	0.8133029	0.8436686	0.8848461	0.8065267	0.82748723	0.8932365	0.9082338	0.82276356	0.8776372	0.7825071	0.815313	0.93414736	0.91857296	0.8944288	0.8417801	0.89721346	0.88397384	0.8830985	0.89733315	0.81526756	0.8025782	0.9265751	0.8948136	0.8407706	0.96045107	0.8634918	0.80881155	0.85214025	0.8825541	0.9439622	0.67842937	0.89507246	0.9389257	0.8931474	0.8722223	0.8067557	0.90470266	0.89818746	0.88873607	0.9370259	0.8772001	0.772911	0.9140535	0.84943473	0.8613794	0.91248333	0.82941115	0.85678744	0.86937827	0.89874935	0.87621385	0.9003548	0.926387	0.9046107	0.90143627	0.91706693	0.850738	0.9111095	0.864808	0.9339248	0.92382205	0.83818066	0.9055201	0.8612182	0.85280824	0.8384198	0.9344354	0.819171	0.7887101	0.835664	0.87261343	0.88185114	0.8771197
arrangement/noun	0.9280666	0.9305816	0.8844759	0.9125426	0.0	0.9107169	0.93797237	0.81275916	0.83886135	0.8609843	0.7723514	0.86798537	0.9152014	0.899641	0.9283694	0.90906554	0.7445874	0.6487818	0.83405197	0.8697531	0.7931037	0.8900088	0.90142477	0.8706952	0.9098608	0.9079144	0.93756056	0.7647376	0.8710166	0.7963699	0.83158463	0.806682	0.9266173	0.8577596	0.88004285	0.91029376	0.9425418	0.7642194	0.9518373	0.8952646	0.7306441	0.8589975	0.8985164	0.7787218	0.8879838	0.87542504	0.96051896	0.9315032	0.9333175	0.8559025	0.8336668	0.8937988	0.90651643	0.947172	0.8823129	0.95010895	0.7971043	0.9393153	0.8911373	0.713104	0.892646	0.91973364	0.9198009	0.8316732	0.8078143	0.83881253	0.86471736	0.8926821	0.89154553	0.7791965	0.7074311	0.8638791	0.8667207	0.8181465	0.86534	0.86772406	0.8111343	0.75413585	0.89451057	0.6850749	0.8070198	0.92868775	0.83874464	0.9071913	0.82161105	0.83076274	0.92347616	0.9050984	0.71278524	0.75554365	0.73179936	0.91043556	0.9284928	0.937489	0.9629856	0.9446194	0.8139116	0.8733175	0.89685625	0.96704495	0.68530333	0.88579404	0.82290584	0.8970126	0.80361474	0.86723965	0.8071251	0.90256447	0.8638196	0.9388225	0.95656025	0.93550986	0.8448143	0.8885315	0.86922204	0.83008945	0.82920223	0.9301841	0.9138572	0.79000115	0.8651315	0.8375271	0.8301945	0.9104925	0.8944417	0.91896117	0.9088532	0.7996853	0.86972773	0.83791685
bak/noun	0.9044411	0.9298959	0.8756198	0.8212043	0.9107169	0.0	0.9259514	0.9044874	0.9256165	0.87462467	0.89588034	0.7477931	0.84657407	0.88321525	0.94486827	0.8651901	0.91784036	0.8546425	0.76364774	0.9124924	0.89673346	0.8848038	0.8853316	0.8548173	0.93998975	0.9239447	0.89009535	0.67477167	0.8004894	0.84875643	0.8629488	0.9249027	0.9324706	0.87266016	0.81538546	0.8966385	0.92129385	0.81958365	0.94395536	0.8148748	0.8277663	0.61769533	0.920225	0.93796897	0.90125954	0.93089956	0.9739273	0.89578277	0.8021836	0.90479267	0.85664237	0.9322345	0.8712392	0.9002599	0.9323083	0.8469999	0.88395935	0.83666825	0.8217036	0.82497925	0.88907754	0.781172	0.80785185	0.86170965	0.86245286	0.7344845	0.83745414	0.8321468	0.92952144	0.8903887	0.85638267	0.86715984	0.87016255	0.9033103	0.7712821	0.85724056	0.84410685	0.82950544	0.92864937	0.8602624	0.8687063	0.9301747	0.86036795	0.83286273	0.85316914	0.9252216	0.94459134	0.7043668	0.85587853	0.94482386	0.8917172	0.9004422	0.87203753	0.8986157	0.8575662	0.9183421	0.9539244	0.8697723	0.7069286	0.9051285	0.8664851	0.87939113	0.90517396	0.69445086	0.86073124	0.862425	0.8842905	0.87124246	0.8831778	0.93073446	0.9334325	0.93088293	0.9469796	0.780082	0.87748253	0.83569205	0.9488924	0.9287992	0.7774716	0.8940928	0.8180858	0.8463067	0.8261955	0.96503156	0.85622597	0.8097573	0.7915591	0.9037501	0.8847394	0.8836453
beeld_merk/noun	0.95766133	0.9758853	0.9534075	0.9240761	0.93797237	0.9259514	0.0	0.9485205	0.94681925	0.9333197	0.9405051	0.9623309	0.9673526	0.94975543	0.96150875	0.9276256	0.9513462	0.9102681	0.92364216	0.9489718	0.9486503	0.9455228	0.9521098	0.89896643	0.9678214	0.968743	0.9546358	0.91980267	0.9644706	0.94774777	0.9193405	0.93745154	0.9489558	0.94650847	0.9312217	0.9467411	0.8794305	0.950985	0.9802	0.92420876	0.95345014	0.94067	0.96091795	0.96038485	0.88675296	0.9312892	0.9026498	0.9483936	0.95694804	0.9610474	0.93605006	0.96550155	0.9474595	0.95991325	0.9474447	0.9108603	0.92808855	0.94249666	0.9212075	0.9441677	0.93017703	0.95278484	0.9517602	0.9401056	0.9301755	0.9422544	0.8979475	0.95175546	0.9299359	0.93777627	0.92859155	0.94146436	0.9043807	0.9406111	0.9632923	0.9506175	0.9072057	0.8889828	0.9580157	0.94051915	0.95144284	0.9568409	0.92989224	0.9255408	0.9272723	0.9212574	0.94802266	0.9357486	0.9481504	0.9377876	0.949903	0.92849076	0.9526313	0.9027695	0.9440737	0.92798865	0.94708645	0.94612265	0.9390275	0.9143132	0.90623856	0.9193003	0.9198	0.9490819	0.96320665	0.9594114	0.9373905	0.9673086	0.92067426	0.90442115	0.94756126	0.9216207	0.9508829	0.87561834	0.9475607	0.943841	0.94358265	0.97447234	0.9462741	0.94710517	0.9508911	0.9437388	0.96140647	0.937693	0.93402493	0.9111346	0.9382907	0.95346075	0.95111907	0.9320594
begeleiding/noun	0.90191305	0.9272921	0.85492986	0.9399482	0.81275916	0.9044874	0.9485205	0.0	0.7838254	0.84672016	0.8040465	0.86863554	0.92548937	0.9222521	0.9026315	0.9295764	0.8699584	0.8075187	0.8658006	0.88571143	0.8662419	0.92505705	0.8715322	0.86929935	0.868992	0.8810507	0.9461516	0.6832918	0.876313	0.8279586	0.8791158	0.89157516	0.9199307	0.8658272	0.86677754	0.90818834	0.95164293	0.81019574	0.8957016	0.8840029	0.7831948	0.89240795	0.9293494	0.89852136	0.9129911	0.91048574	0.9426226	0.9316195	0.88491315	0.89993364	0.84612453	0.9016925	0.8449073	0.93762493	0.9462865	0.95095223	0.83534276	0.9377376	0.9165103	0.7968127	0.94334406	0.917356	0.9577336	0.89825785	0.8854933	0.88116246	0.9130243	0.85471714	0.9247565	0.8410642	0.82917476	0.88677907	0.9122401	0.8131988	0.89942867	0.827455	0.86908364	0.8543097	0.8887852	0.77477986	0.82758534	0.94610596	0.8670812	0.92748684	0.88027257	0.85387707	0.9734841	0.9118605	0.8109176	0.83120286	0.83254766	0.9418794	0.9147824	0.9718079	0.96835625	0.9424441	0.9035932	0.8226773	0.9088593	0.971401	0.8258331	0.89189196	0.8579865	0.90420055	0.8479477	0.86275256	0.8192512	0.9033326	0.8722993	0.97058475	0.964212	0.9487957	0.83571464	0.9267479	0.837558	0.7536551	0.91898537	0.85934293	0.91028917	0.8062969	0.8975374	0.79955804	0.8662876	0.93968546	0.9410126	0.895868	0.86420584	0.782676	0.86757445	0.88235235
benadering/noun	0.9058388	0.91339004	0.827149	0.91189456	0.83886135	0.9256165	0.94681925	0.7838254	0.0	0.7699176	0.7406099	0.8085458	0.89786065	0.8902582	0.92954904	0.9233032	0.7812499	0.7511639	0.7700391	0.9227945	0.8700615	0.93800783	0.8329536	0.7781453	0.75830334	0.85677874	0.94567835	0.7134008	0.85722524	0.73869926	0.7543455	0.7822205	0.9038664	0.82140416	0.8948512	0.87243956	0.9105196	0.8062309	0.88698685	0.84145355	0.86787856	0.9099185	0.8635557	0.88805884	0.87252665	0.8700013	0.92017585	0.9198557	0.91145414	0.7937006	0.77781546	0.8536133	0.89751065	0.9265674	0.8573742	0.9534733	0.6354991	0.948402	0.91934633	0.7696528	0.89312935	0.88996357	0.91574097	0.88035715	0.7980331	0.8866248	0.86094165	0.85832226	0.8737059	0.8378439	0.8277099	0.80279654	0.8533417	0.6284182	0.88898706	0.78270507	0.7534221	0.83167696	0.8429017	0.76286435	0.69233763	0.94398576	0.81627303	0.9120784	0.7918997	0.7487707	0.9384313	0.9329534	0.8053801	0.86339545	0.8107403	0.9205027	0.9137017	0.9469435	0.948914	0.9120308	0.77514404	0.7904315	0.9071892	0.9622702	0.6703552	0.8214469	0.7400727	0.9136877	0.7059348	0.75283915	0.7070191	0.8735442	0.8399176	0.95685107	0.9369838	0.96435714	0.80358964	0.8764597	0.7921437	0.75887907	0.8684314	0.91654944	0.9094409	0.8610127	0.86216676	0.7035941	0.76272035	0.9331849	0.9172612	0.93607044	0.8662747	0.66293895	0.8225301	0.7532711
beweging/noun	0.86819196	0.8985937	0.78182983	0.8862998	0.8609843	0.87462467	0.9333197	0.84672016	0.7699176	0.0	0.7739769	0.7474694	0.83404934	0.86629915	0.8846324	0.9094445	0.7529882	0.7492515	0.7878271	0.82515657	0.87689316	0.8901061	0.80498993	0.7610996	0.82921183	0.8242655	0.8579036	0.6494698	0.81026727	0.7276881	0.67213166	0.8025247	0.90090495	0.73649967	0.87212765	0.82378626	0.8761226	0.67577237	0.8049252	0.7639916	0.8140191	0.8479007	0.85788614	0.8866917	0.8694105	0.8384582	0.9045455	0.81816995	0.8239661	0.8175844	0.777478	0.8317474	0.83623546	0.8880851	0.8603046	0.9239065	0.676425	0.9149005	0.9038663	0.73000276	0.8802598	0.82702947	0.8870529	0.83486915	0.7496386	0.84441006	0.8171554	0.7151669	0.81467354	0.76631033	0.8025822	0.7379874	0.89866525	0.7267488	0.82989395	0.8120261	0.75064594	0.7963561	0.7820152	0.71622896	0.72197354	0.8997832	0.81031734	0.8691009	0.7464695	0.7486867	0.9163292	0.86667407	0.690902	0.78773224	0.8095837	0.89393365	0.8121778	0.93039316	0.9219398	0.9100034	0.831008	0.75487363	0.83254296	0.9332348	0.69510657	0.7186984	0.73991835	0.8803389	0.7620643	0.81272876	0.7308002	0.8166692	0.77277803	0.9455308	0.8890167	0.95657676	0.8399507	0.89288485	0.82110643	0.7407588	0.88922167	0.89231193	0.86231554	0.8512724	0.8279326	0.70214033	0.76046705	0.91812646	0.8798604	0.9065324	0.8257793	0.7408875	0.7875875	0.774984
bijzonder/adj	0.86860526	0.9036524	0.80130863	0.89055955	0.7723514	0.89588034	0.9405051	0.8040465	0.7406099	0.7739769	0.0	0.76328284	0.8746483	0.8765177	0.9202163	0.91034395	0.7665018	0.7182994	0.7994828	0.88880086	0.874232	0.898258	0.704147	0.7443827	0.8324769	0.8333503	0.92622966	0.6059365	0.7471428	0.6064074	0.7237617	0.73631763	0.86815995	0.7587689	0.8292004	0.86027306	0.90504414	0.7594528	0.88906336	0.7827838	0.8243264	0.80470073	0.83197564	0.87281257	0.8415234	0.85618746	0.9156323	0.9077941	0.8616214	0.7672572	0.6972959	0.8222522	0.7989131	0.90295404	0.84749573	0.94350326	0.63347256	0.9113335	0.9194372	0.73466957	0.8754773	0.8318341	0.8917168	0.85418946	0.7407344	0.7777461	0.86358464	0.81230605	0.8486985	0.7834148	0.7744766	0.8082597	0.83654684	0.67046523	0.8313614	0.62592983	0.7793105	0.6449224	0.8583361	0.7251385	0.5988294	0.91058797	0.7925153	0.8923105	0.7973685	0.7247642	0.9483549	0.8877957	0.7872464	0.8229028	0.82168096	0.91385835	0.8777221	0.94067574	0.9327844	0.9257159	0.8058739	0.7100246	0.8579954	0.93279374	0.66360384	0.8002178	0.75757736	0.84303164	0.6358559	0.68960524	0.7252222	0.86392546	0.8119438	0.93955594	0.9548161	0.950861	0.8072077	0.8508745	0.67642677	0.7378254	0.77176696	0.8924213	0.87754244	0.8210391	0.860774	0.71972644	0.6673225	0.9237122	0.8950337	0.9104459	0.7928561	0.39818984	0.61486065	0.5926759
blik/noun	0.86413646	0.90962476	0.7799777	0.7941853	0.86798537	0.7477931	0.9623309	0.86863554	0.8085458	0.7474694	0.76328284	0.0	0.8123101	0.89494145	0.9547835	0.8906382	0.84047955	0.80049866	0.78153646	0.8729664	0.9014912	0.82191885	0.7924576	0.780751	0.8912064	0.87295496	0.85131204	0.6140286	0.67924225	0.6583564	0.70730215	0.8100893	0.922659	0.730572	0.8078675	0.717234	0.8580698	0.6939082	0.8778909	0.5641908	0.762735	0.6678531	0.9048196	0.88553464	0.86564165	0.84561074	0.95484436	0.8219739	0.6998968	0.79421014	0.6863502	0.86524796	0.75409657	0.8045033	0.85342765	0.86870563	0.73111606	0.8441646	0.86364806	0.7519951	0.8654239	0.712124	0.8588603	0.8249718	0.7376691	0.74694085	0.8048949	0.72285104	0.8162786	0.8046615	0.79511356	0.78200257	0.82028985	0.77396184	0.8182124	0.8045724	0.77135104	0.7155204	0.8466665	0.77929324	0.6898102	0.9436815	0.8552876	0.78819054	0.79940915	0.79530853	0.94617194	0.7197054	0.7635066	0.897611	0.8457381	0.85809827	0.6919813	0.9004309	0.88984334	0.89052594	0.84628224	0.7681645	0.73835075	0.8715964	0.7338723	0.792892	0.80103934	0.72722584	0.7313535	0.77988887	0.8307985	0.82225066	0.78848153	0.93250227	0.8880427	0.94757164	0.87180954	0.8032882	0.8254089	0.7821702	0.89239514	0.8821802	0.88382876	0.8754006	0.8638772	0.7733849	0.6856249	0.9529687	0.88106906	0.8337151	0.73181415	0.72121114	0.74169886	0.7349592
bocht/noun	0.9037182	0.8933506	0.83033323	0.79957384	0.9152014	0.84657407	0.9673526	0.92548937	0.89786065	0.83404934	0.8746483	0.8123101	0.0	0.9246151	0.95076203	0.8092306	0.8781087	0.8830816	0.8089895	0.9079844	0.94294554	0.90132487	0.86353374	0.8381305	0.92784965	0.901298	0.8388153	0.7842604	0.76776826	0.77188087	0.8712353	0.93227196	0.92972636	0.86367065	0.86241674	0.901958	0.9415311	0.80610776	0.9376337	0.845933	0.8672086	0.8478039	0.92972785	0.92230225	0.9229446	0.90956825	0.9495916	0.86917853	0.8499037	0.9082352	0.8637238	0.9262849	0.8859719	0.9072009	0.90402216	0.93278944	0.85990787	0.7011689	0.8936758	0.8602694	0.8284006	0.8156467	0.8971673	0.91436344	0.7931078	0.8355523	0.8844309	0.83697057	0.9181518	0.9125526	0.89552116	0.8094228	0.9305138	0.8798291	0.90158415	0.85060906	0.87276363	0.84818053	0.91937304	0.905886	0.81745243	0.93994075	0.87053424	0.885878	0.8510319	0.8957572	0.9560274	0.793996	0.8395058	0.9178437	0.8868787	0.8970596	0.8371867	0.90034765	0.9041023	0.9038277	0.9202538	0.850031	0.821956	0.95032465	0.859085	0.8960483	0.91453964	0.87967646	0.8488851	0.82794785	0.9176395	0.8279232	0.89720726	0.94294536	0.93250585	0.9152488	0.91627115	0.8978269	0.88008165	0.8747179	0.92557704	0.933052	0.81620145	0.88926506	0.87857175	0.87282586	0.81287694	0.91576403	0.8736763	0.8890929	0.8462912	0.8715993	0.83845794	0.82080543
body/noun	0.96130294	0.9532093	0.92549247	0.9128249	0.899641	0.88321525	0.94975543	0.9222521	0.8902582	0.86629915	0.8765177	0.89494145	0.9246151	0.0	0.91234297	0.88763267	0.82568836	0.88609576	0.8969668	0.89186835	0.8539149	0.8730579	0.904875	0.8752682	0.9298398	0.9381432	0.90989983	0.8126315	0.8981168	0.86208755	0.8787786	0.8689356	0.8682835	0.9128015	0.9199481	0.89183253	0.9063493	0.8832445	0.93842036	0.8607744	0.8952822	0.8618534	0.91316223	0.873317	0.9378285	0.88862747	0.9308575	0.89827156	0.9072341	0.90847546	0.8848119	0.93825275	0.8863287	0.90555686	0.89369196	0.8828685	0.8637423	0.94203794	0.869233	0.8632455	0.8740169	0.88392425	0.9139054	0.89641166	0.9163375	0.8691529	0.86366355	0.84726584	0.90269506	0.88667953	0.88350344	0.90538925	0.8686728	0.88638246	0.8817894	0.8744925	0.8591988	0.846515	0.87900984	0.8504275	0.8851296	0.9290896	0.8967332	0.8918248	0.90336335	0.8743372	0.94314873	0.9073348	0.8622725	0.86474925	0.83193266	0.91137826	0.88390183	0.91237867	0.9530082	0.93185973	0.89078635	0.8890166	0.9126761	0.89696753	0.81169945	0.89837617	0.9022912	0.8914354	0.90075797	0.9060655	0.8963675	0.908045	0.8915572	0.95490277	0.9394778	0.9574139	0.92843324	0.88486236	0.8812416	0.8785853	0.91412985	0.94273514	0.91618145	0.918496	0.89968204	0.8538033	0.88281727	0.94911593	0.92865396	0.9012071	0.9086171	0.8943816	0.9088904	0.899183
breakdance/noun	0.97457844	0.9505547	0.9410809	0.9537161	0.9283694	0.94486827	0.96150875	0.9026315	0.92954904	0.8846324	0.9202163	0.9547835	0.95076203	0.91234297	0.0	0.95481044	0.8363651	0.9255249	0.9608301	0.7954033	0.7046269	0.9487593	0.93707496	0.9249091	0.9628419	0.95956165	0.9548626	0.86084735	0.95540506	0.93281645	0.9074949	0.8918179	0.913919	0.9493994	0.9624184	0.9340077	0.93046665	0.887148	0.9677299	0.93938386	0.87053263	0.9526327	0.90592104	0.80893946	0.9559059	0.9312231	0.9054905	0.8890152	0.96054506	0.9246288	0.93563384	0.9364936	0.9200269	0.94253266	0.95123196	0.96514827	0.913985	0.95539844	0.9515105	0.8366871	0.93776053	0.95920247	0.9675651	0.8838893	0.944121	0.90713954	0.92738473	0.9255618	0.9270321	0.90490866	0.8446253	0.939533	0.9513439	0.9543831	0.92973804	0.9398618	0.9323883	0.940745	0.93051976	0.72534025	0.92756176	0.95702386	0.91597015	0.9589946	0.9018327	0.88958436	0.94391966	0.9638903	0.7760763	0.846624	0.7583188	0.93842137	0.92251337	0.943765	0.9537842	0.9445113	0.9330716	0.93729985	0.9714767	0.95996857	0.86047125	0.95746213	0.9333315	0.9704935	0.91269076	0.93302023	0.91646487	0.9466001	0.9352898	0.95396936	0.95468956	0.9524362	0.9540051	0.9603635	0.91983986	0.9041238	0.9438923	0.9415292	0.96867335	0.87696254	0.92456317	0.91487175	0.9374127	0.97549397	0.9529673	0.9570484	0.92695177	0.95458317	0.94625115	0.9296506
carrosserie/noun	0.9645457	0.9493186	0.91786814	0.79359215	0.90906554	0.8651901	0.9276256	0.9295764	0.9233032	0.9094445	0.91034395	0.8906382	0.8092306	0.88763267	0.95481044	0.0	0.9084486	0.8870688	0.8041301	0.9324325	0.9284911	0.8505084	0.9309628	0.8877553	0.94998634	0.9383118	0.8835085	0.82492435	0.9001342	0.90870607	0.9004334	0.9273702	0.9267285	0.91198415	0.8514228	0.89206797	0.90077955	0.88506633	0.97049475	0.8800205	0.8959962	0.7714022	0.91510564	0.9405928	0.90886205	0.9544035	0.9434701	0.88313663	0.86412096	0.92702115	0.89223456	0.97090954	0.9346942	0.8822418	0.9306284	0.83509284	0.919064	0.8414214	0.8290355	0.90796685	0.53983164	0.8983592	0.8838388	0.9386816	0.9000108	0.91145325	0.8684442	0.8794657	0.9247561	0.93910015	0.9215758	0.8297296	0.87712294	0.92322767	0.8995187	0.9151982	0.8082762	0.83095527	0.93722963	0.9154512	0.9108081	0.9294654	0.862808	0.86333275	0.86779344	0.92063123	0.93830526	0.7825058	0.89039207	0.91130674	0.9297573	0.8809303	0.84090567	0.94773763	0.90222347	0.8943006	0.93362916	0.9283605	0.834782	0.91866535	0.87980795	0.92162216	0.93948376	0.87528545	0.88944477	0.8971391	0.9392754	0.88712597	0.92242	0.94863385	0.90463334	0.90099466	0.9177917	0.8473657	0.91672266	0.88451666	0.9325789	0.95164883	0.9139789	0.92043155	0.8377836	0.8517306	0.86922395	0.9060783	0.8791987	0.8629647	0.92139024	0.8863617	0.91068184	0.8982361
choreografie/noun	0.9064908	0.92637074	0.88507205	0.91304517	0.7445874	0.91784036	0.9513462	0.8699584	0.7812499	0.7529882	0.7665018	0.84047955	0.8781087	0.82568836	0.8363651	0.9084486	0.0	0.65100074	0.8247395	0.7925042	0.78164756	0.8537407	0.8355759	0.85152555	0.90881515	0.89877737	0.9223564	0.7447145	0.8519976	0.73740554	0.7377202	0.689939	0.8828896	0.80339885	0.8827099	0.838429	0.9221738	0.7396023	0.95526	0.8088157	0.78755844	0.8591197	0.8434696	0.79254204	0.86916935	0.8796342	0.89047456	0.8895428	0.9059946	0.8393005	0.81966865	0.86952996	0.8790348	0.926915	0.8912022	0.90155584	0.73754287	0.9213338	0.91962415	0.7155913	0.8688505	0.8976222	0.9104458	0.8416652	0.7834039	0.8686096	0.83220416	0.80513054	0.78686064	0.79153466	0.7223178	0.8307278	0.8681973	0.7587067	0.8427919	0.8592506	0.8038169	0.7679447	0.8154814	0.6407126	0.76494074	0.86834615	0.8102522	0.89130735	0.7971112	0.77110666	0.91462183	0.9177926	0.68666446	0.7496592	0.73237336	0.9136615	0.89404833	0.9190944	0.9294372	0.92533267	0.7903189	0.8638804	0.89569515	0.953312	0.6433362	0.8450943	0.8135457	0.90480953	0.7690912	0.8430097	0.77829796	0.86698186	0.8719703	0.9325906	0.93700045	0.9390477	0.83319503	0.88260776	0.85567266	0.8257598	0.7866028	0.9427543	0.9070765	0.81949824	0.8552791	0.7793085	0.79985785	0.9419732	0.87486327	0.8828301	0.8800488	0.7793212	0.7959343	0.79272914
compositie/noun	0.89896345	0.92641425	0.83289	0.8613515	0.6487818	0.8546425	0.9102681	0.8075187	0.7511639	0.7492515	0.7182994	0.80049866	0.8830816	0.88609576	0.9255249	0.8870688	0.65100074	0.0	0.74474543	0.8407346	0.77810407	0.8844545	0.8196577	0.7906242	0.8537423	0.8788775	0.91603374	0.67789054	0.83688927	0.7353253	0.71154535	0.6907673	0.91146344	0.7604656	0.83267736	0.85444885	0.8740788	0.6669576	0.9215203	0.78727573	0.6735623	0.8126176	0.8144014	0.7860095	0.79077816	0.8640419	0.91235936	0.89546996	0.87662935	0.81730783	0.7468019	0.8198112	0.8873985	0.90084493	0.87250125	0.9501103	0.7013055	0.90716463	0.8615189	0.6053606	0.8456124	0.87326014	0.91548485	0.8062739	0.700239	0.86990535	0.788975	0.81117326	0.83289903	0.6377759	0.5970642	0.7559322	0.8420308	0.7337772	0.8307347	0.82779706	0.74543417	0.66713065	0.8352086	0.54207104	0.7397498	0.8972147	0.72901946	0.85161656	0.700948	0.74634886	0.8765667	0.85074544	0.6191284	0.7434957	0.7065003	0.9071447	0.8716854	0.9160336	0.9232903	0.9024498	0.81151766	0.8235462	0.84342617	0.94194853	0.57792616	0.8060806	0.7505333	0.8747724	0.7282914	0.83728737	0.70553446	0.86132276	0.83827436	0.9736683	0.9422134	0.94775397	0.82640433	0.80773276	0.8372839	0.75532264	0.7993697	0.93207103	0.8704315	0.6977003	0.8039652	0.7445954	0.777838	0.93180597	0.88615054	0.8599263	0.856116	0.73093385	0.80206823	0.7829016
constructie/noun	0.90930337	0.8993038	0.8333713	0.77981067	0.83405197	0.76364774	0.92364216	0.8658006	0.7700391	0.7878271	0.7994828	0.78153646	0.8089895	0.8969668	0.9608301	0.8041301	0.8247395	0.74474543	0.0	0.91615987	0.90154886	0.90069795	0.84597105	0.78440976	0.8457079	0.8633225	0.89674145	0.702854	0.85552436	0.77541417	0.7475034	0.8401693	0.92873913	0.84490925	0.63415676	0.8823465	0.87678176	0.7863328	0.9179269	0.81994265	0.8517144	0.72819597	0.8434716	0.91857517	0.8542713	0.90903306	0.9481576	0.897446	0.8397348	0.85522443	0.79032516	0.8840785	0.91196203	0.8996158	0.8957415	0.8709818	0.75019765	0.84240776	0.81961256	0.77554554	0.8152582	0.8500069	0.8703271	0.8775817	0.73504734	0.8627265	0.78800666	0.7784027	0.9155138	0.8571911	0.8575216	0.76114213	0.8822542	0.7629528	0.8478783	0.8595351	0.71339643	0.76031876	0.8690125	0.8284545	0.77370715	0.9390974	0.7337997	0.7341386	0.7427604	0.8106975	0.9010933	0.7272341	0.7931639	0.8692153	0.8528595	0.8763323	0.8744745	0.90309024	0.9235208	0.9130315	0.87227976	0.82220143	0.72706187	0.9323558	0.7472362	0.8103971	0.81849146	0.8189312	0.78705704	0.82822657	0.7979644	0.840237	0.85286045	0.94179803	0.953773	0.9250023	0.82946396	0.8044838	0.8394912	0.7596716	0.8808239	0.9345031	0.81280804	0.85974264	0.7775942	0.70690465	0.7984384	0.9102508	0.7788638	0.830669	0.8690127	0.7671911	0.81236506	0.80736357
dan_pas_DIM/noun	0.93790287	0.964576	0.93435496	0.91900533	0.8697531	0.9124924	0.9489718	0.88571143	0.9227945	0.82515657	0.88880086	0.8729664	0.9079844	0.89186835	0.7954033	0.9324325	0.7925042	0.8407346	0.91615987	0.0	0.82020926	0.8261352	0.911104	0.9193207	0.9412285	0.9614965	0.9194722	0.82555795	0.87148	0.84223783	0.8354327	0.8566528	0.91798145	0.8391146	0.95124453	0.91281384	0.93363327	0.8423173	0.97007734	0.888314	0.8457497	0.9084245	0.91396856	0.8448951	0.92521244	0.8987875	0.9353036	0.8719505	0.92147255	0.9035157	0.84258604	0.94034034	0.8889841	0.9222868	0.9331636	0.92001295	0.9025716	0.9382196	0.93466413	0.84139085	0.9096059	0.9077733	0.93717253	0.914588	0.9051287	0.8688166	0.9279366	0.8800775	0.82418245	0.8476129	0.783202	0.9243627	0.8784082	0.887992	0.94534403	0.91170007	0.8706912	0.85572195	0.82064337	0.7668774	0.8655313	0.8776219	0.91042036	0.9038763	0.89449215	0.8943336	0.94308937	0.9522629	0.7876149	0.8369839	0.81703174	0.90370136	0.8682778	0.92289287	0.937334	0.92862386	0.8425483	0.93569756	0.96574885	0.94290316	0.8275249	0.9202234	0.9237879	0.90194064	0.87425274	0.8957396	0.90759337	0.8611604	0.91997904	0.95032215	0.9059264	0.92532325	0.9314492	0.89899945	0.92430913	0.87415284	0.8832908	0.9132955	0.9487392	0.872959	0.94791996	0.913449	0.85536325	0.95890975	0.9354457	0.910635	0.8883406	0.8979301	0.8990705	0.8663086
dance/noun	0.93984187	0.9439927	0.91246736	0.9391266	0.7931037	0.89673346	0.9486503	0.8662419	0.8700615	0.87689316	0.874232	0.9014912	0.94294554	0.8539149	0.7046269	0.9284911	0.78164756	0.77810407	0.90154886	0.82020926	0.0	0.93535495	0.88796955	0.8897164	0.9256998	0.93639565	0.94344705	0.7848458	0.89958483	0.85043263	0.8583709	0.7989263	0.9035335	0.9072305	0.9527421	0.8701122	0.9348599	0.7904239	0.9528409	0.9236858	0.7144137	0.8998419	0.884822	0.6393534	0.91847134	0.8851684	0.9355475	0.908809	0.93239737	0.92456657	0.85450935	0.9130404	0.90110064	0.9372915	0.922797	0.96464926	0.84492135	0.9362972	0.89059496	0.74437565	0.91726184	0.8980131	0.9414172	0.8328241	0.8928894	0.849424	0.8823591	0.91469294	0.8892894	0.7860455	0.7274601	0.91894823	0.8743127	0.90885603	0.8455703	0.9113726	0.87244284	0.8710401	0.90526515	0.5868624	0.8584859	0.91808355	0.8898343	0.9323459	0.8828101	0.88487345	0.9300659	0.93131864	0.69748384	0.8000525	0.54858613	0.92670393	0.93458915	0.94583416	0.9620978	0.9345648	0.85316366	0.88539135	0.94324154	0.9689861	0.74785733	0.8955014	0.8912055	0.9291998	0.85008335	0.90861523	0.823727	0.92637026	0.8860204	0.9677899	0.9468677	0.94515884	0.9071181	0.90901035	0.90573597	0.85342604	0.8727511	0.96005076	0.9423779	0.807187	0.87838733	0.86900425	0.87759924	0.9570524	0.9060424	0.9149017	0.9190382	0.8917646	0.9075129	0.8911098
decolleté/noun	0.9593658	0.9357509	0.93215936	0.89107615	0.8900088	0.8848038	0.9455228	0.92505705	0.93800783	0.8901061	0.898258	0.82191885	0.90132487	0.8730579	0.9487593	0.8505084	0.8537407	0.8844545	0.90069795	0.8261352	0.93535495	0.0	0.90713376	0.9017903	0.9465469	0.9658314	0.86652505	0.82941985	0.8703865	0.8399239	0.85416025	0.9058118	0.9523706	0.8908608	0.92650783	0.8420822	0.9037139	0.8812968	0.96766716	0.79484755	0.87010944	0.8619727	0.9365646	0.8879015	0.9314414	0.91112745	0.9264539	0.8263334	0.8572266	0.91568696	0.8759652	0.95230335	0.8851933	0.854664	0.88816804	0.8473981	0.9015948	0.9183824	0.88923347	0.88223326	0.91066283	0.87977356	0.90755224	0.9128599	0.89030147	0.889693	0.8740416	0.8706895	0.8649477	0.91570723	0.8758712	0.9089272	0.8580533	0.9215403	0.8992634	0.9275558	0.83961904	0.80373096	0.90018076	0.89576876	0.8695189	0.92394483	0.9532536	0.89730936	0.8833652	0.89587826	0.94166017	0.8721677	0.8867681	0.90228087	0.88743395	0.875528	0.8170595	0.8943096	0.8875616	0.873121	0.91335714	0.90767646	0.88772506	0.8586968	0.8668582	0.91521955	0.9325814	0.8823736	0.8762195	0.89373	0.9157046	0.8881089	0.91934514	0.938255	0.91283065	0.95679533	0.93172693	0.8707633	0.91485965	0.89181393	0.9292048	0.93338925	0.91300356	0.9139301	0.919489	0.9084564	0.8737394	0.944036	0.896151	0.8985495	0.86509335	0.8868263	0.88063425	0.8746404
des/adv	0.896983	0.88039	0.7942231	0.90010065	0.90142477	0.8853316	0.9521098	0.8715322	0.8329536	0.80498993	0.704147	0.7924576	0.86353374	0.904875	0.93707496	0.9309628	0.8355759	0.8196577	0.84597105	0.911104	0.88796955	0.90713376	0.0	0.739189	0.858332	0.87109643	0.9127005	0.7100995	0.7737181	0.69955444	0.78434956	0.84165776	0.8826722	0.7855167	0.89364886	0.8492063	0.9167544	0.8083246	0.8956973	0.8004558	0.8727823	0.8484574	0.89160013	0.8892153	0.8828114	0.8494513	0.85907555	0.89955884	0.87168	0.7776883	0.7952728	0.87454396	0.8440811	0.8948622	0.857271	0.94475305	0.76646733	0.90255815	0.9248657	0.79142743	0.92992103	0.8387979	0.9077088	0.89207155	0.82928747	0.8293112	0.8744664	0.8202979	0.84609556	0.8225431	0.83741194	0.8469378	0.9115954	0.7670979	0.8539538	0.71980476	0.8379078	0.7906475	0.883919	0.8083443	0.7403985	0.94404787	0.8557023	0.9144163	0.83159685	0.8148874	0.95903355	0.88809997	0.8208904	0.8673959	0.8607363	0.9158521	0.8828335	0.9412322	0.91504735	0.91069984	0.84490436	0.74359965	0.8817438	0.95191896	0.78978074	0.80987537	0.82017744	0.8829716	0.7623948	0.70851374	0.79055095	0.8672073	0.8337319	0.9452737	0.9533093	0.9464381	0.82484114	0.88656676	0.6990874	0.794122	0.84220564	0.8923429	0.91568035	0.88212323	0.8648557	0.7584865	0.73027027	0.91667247	0.90002596	0.90899694	0.8027381	0.6860664	0.7258696	0.68720734
die/det	0.8581617	0.85343474	0.74215317	0.8508653	0.8706952	0.8548173	0.89896643	0.86929935	0.7781453	0.7610996	0.7443827	0.780751	0.8381305	0.8752682	0.9249091	0.8877553	0.85152555	0.7906242	0.78440976	0.9193207	0.8897164	0.9017903	0.739189	0.0	0.74902	0.781209	0.8721185	0.692927	0.7651459	0.7607332	0.7699681	0.82782775	0.86333716	0.7812644	0.8460479	0.84319973	0.9001639	0.7596656	0.8918803	0.78760844	0.84104097	0.836758	0.8483232	0.9301268	0.8339077	0.8465924	0.8702971	0.8793301	0.8361019	0.7494192	0.77845204	0.8304392	0.8065114	0.8786856	0.85953057	0.9183996	0.7328041	0.8531046	0.8644235	0.7760702	0.90675575	0.8169465	0.86816823	0.863326	0.7959983	0.82221246	0.80694926	0.7520659	0.83501774	0.8215273	0.8105269	0.7956697	0.8779876	0.74366355	0.84183466	0.7775578	0.7833092	0.782871	0.8731991	0.79194033	0.7043493	0.9134488	0.8053667	0.8818238	0.7788582	0.7512049	0.9133116	0.8609799	0.802035	0.8801962	0.84636736	0.8972099	0.8499538	0.9164947	0.9012732	0.90845865	0.8469406	0.6850357	0.82807636	0.9103453	0.76036537	0.7432946	0.7547635	0.8507627	0.76779425	0.7401459	0.7649437	0.86390305	0.84556055	0.9144694	0.930232	0.9362744	0.79911715	0.8852018	0.73226166	0.75603914	0.9019614	0.8711878	0.86632943	0.85801995	0.8307947	0.7406949	0.7489153	0.8807836	0.8741842	0.8797705	0.66861284	0.7819196	0.775494	0.7082625
eenzijdig/adj	0.8976326	0.8896135	0.816671	0.9311701	0.9098608	0.93998975	0.9678214	0.868992	0.75830334	0.82921183	0.8324769	0.8912064	0.92784965	0.9298398	0.9628419	0.94998634	0.90881515	0.8537423	0.8457079	0.9412285	0.9256998	0.9465469	0.858332	0.74902	0.0	0.8126584	0.9476261	0.784091	0.88967896	0.83424795	0.85596025	0.89332646	0.91147053	0.8805655	0.89819854	0.90799093	0.9393529	0.8766031	0.8502449	0.89714265	0.9285661	0.9267604	0.90546983	0.95843506	0.9115417	0.89728576	0.9188894	0.9343649	0.9231261	0.89506745	0.8445636	0.8650576	0.9064942	0.93952703	0.9024016	0.94958174	0.79996717	0.9364899	0.9382743	0.86814326	0.9594725	0.9269698	0.905403	0.92181754	0.8790361	0.916241	0.8829568	0.9041147	0.87917966	0.8965966	0.9187385	0.8793892	0.929915	0.79539335	0.9132986	0.82398534	0.8578858	0.9150315	0.8961756	0.8890737	0.79014266	0.93670034	0.870243	0.94016474	0.86648864	0.8606857	0.92792004	0.94139916	0.8979812	0.92843455	0.9236002	0.95119035	0.9251994	0.97003555	0.9541548	0.9640655	0.90819967	0.7944168	0.92502165	0.9552505	0.86259615	0.86036396	0.8124482	0.91409	0.81591356	0.82185805	0.83163834	0.90587926	0.8646846	0.9625063	0.94651604	0.97246855	0.8420739	0.93425405	0.85311365	0.80405974	0.92920434	0.9264729	0.92097795	0.92258304	0.8806926	0.8122734	0.86259043	0.9167707	0.9462697	0.9508964	0.88039124	0.8099911	0.8550241	0.8245448
eerder/adj	0.8502997	0.8727257	0.6803121	0.9311558	0.9079144	0.9239447	0.968743	0.8810507	0.85677874	0.8242655	0.8333503	0.87295496	0.901298	0.9381432	0.95956165	0.9383118	0.89877737	0.8788775	0.8633225	0.9614965	0.93639565	0.9658314	0.87109643	0.781209	0.8126584	0.0	0.9408463	0.80155736	0.8686507	0.8302926	0.8514482	0.82387793	0.9463233	0.86827445	0.8970436	0.9050315	0.95658433	0.85366654	0.8088683	0.8656597	0.9184742	0.9074941	0.87959063	0.97073996	0.87873644	0.90519357	0.9146389	0.92416084	0.90047914	0.8589895	0.84002525	0.7498814	0.8791321	0.92563796	0.9280853	0.95728177	0.8336454	0.9431212	0.9286066	0.90248066	0.9650968	0.8686213	0.92485404	0.89389956	0.8995067	0.93204343	0.85730284	0.8636476	0.92067945	0.8559927	0.8579612	0.88899827	0.96274626	0.8483732	0.9255189	0.8207849	0.8258403	0.847605	0.95202947	0.88169825	0.7631999	0.9420918	0.8895511	0.9304444	0.8824547	0.88034624	0.9767417	0.92286295	0.8945711	0.9622922	0.91102743	0.9646795	0.9076316	0.9735389	0.95392406	0.96769315	0.90526515	0.8209118	0.90818405	0.97625935	0.8538183	0.8753385	0.87443864	0.89127684	0.80392045	0.8461664	0.83447194	0.9282351	0.8831713	0.9515525	0.94604504	0.9670926	0.8377139	0.92868507	0.81945044	0.78156865	0.8738928	0.8924818	0.9495498	0.9307683	0.8968857	0.8045842	0.8315544	0.9312338	0.92886037	0.95194745	0.83916855	0.8106706	0.8661467	0.8277396
elleboog/noun	0.91380566	0.9208961	0.9057589	0.83482224	0.93756056	0.89009535	0.9546358	0.9461516	0.94567835	0.8579036	0.92622966	0.85131204	0.8388153	0.90989983	0.9548626	0.8835085	0.9223564	0.91603374	0.89674145	0.9194722	0.94344705	0.86652505	0.9127005	0.8721185	0.9476261	0.9408463	0.0	0.8205519	0.869722	0.89689887	0.90984964	0.95447576	0.9117328	0.8520514	0.91855115	0.8208416	0.91515976	0.88775253	0.9451167	0.7846111	0.8774992	0.833411	0.9523765	0.93733287	0.9282529	0.93244255	0.9291865	0.6520417	0.7163311	0.92067534	0.8680533	0.9412321	0.8839114	0.7178904	0.9409609	0.8170546	0.9312898	0.8732538	0.8767122	0.9144305	0.8781559	0.8217559	0.90117383	0.95159215	0.9299817	0.8845137	0.88741004	0.787431	0.91584957	0.9278003	0.92696303	0.9004084	0.9332651	0.9342682	0.9125674	0.92092216	0.8986219	0.8909626	0.877501	0.9380273	0.8763828	0.9536892	0.94021285	0.8938508	0.9075956	0.9311114	0.95298505	0.8327686	0.882913	0.93295586	0.9240521	0.86496836	0.6717547	0.8855526	0.8415318	0.8527775	0.9440471	0.8787251	0.8561619	0.8718363	0.9137106	0.91318744	0.93241334	0.8872023	0.9019552	0.91078115	0.9531174	0.8616112	0.9033668	0.911139	0.8581331	0.95747286	0.954218	0.88423914	0.9002811	0.9084325	0.9460601	0.90412784	0.9343298	0.91513425	0.91275024	0.9126316	0.87195116	0.95145446	0.9211393	0.91143715	0.8351303	0.9326006	0.91245127	0.89757395
en/vg	0.79848266	0.83541495	0.69292074	0.74964905	0.7647376	0.67477167	0.91980267	0.6832918	0.7134008	0.6494698	0.6059365	0.6140286	0.7842604	0.8126315	0.86084735	0.82492435	0.7447145	0.67789054	0.702854	0.82555795	0.7848458	0.82941985	0.7100995	0.692927	0.784091	0.80155736	0.8205519	0.0	0.6831918	0.59665126	0.6422161	0.7202797	0.8642862	0.70455366	0.71191686	0.7554504	0.8637322	0.6230389	0.8174089	0.62659633	0.6798169	0.57625556	0.8011722	0.83149076	0.8111372	0.7842362	0.9094151	0.7645539	0.6787963	0.7607278	0.69069207	0.7788857	0.6811721	0.81597376	0.8339224	0.8590368	0.62263536	0.8126915	0.805434	0.64137214	0.8265173	0.66095895	0.8100324	0.73866403	0.6564461	0.6246444	0.7377082	0.6166376	0.8292448	0.70097864	0.69217664	0.703303	0.7820691	0.66684896	0.656821	0.6353283	0.65101284	0.6075773	0.8111394	0.58927464	0.6334823	0.89548665	0.74582523	0.7718077	0.69651705	0.70764977	0.92127633	0.67734617	0.6552168	0.79270774	0.72035056	0.8609032	0.7152022	0.8830016	0.8505422	0.86453116	0.81972325	0.64745003	0.6516732	0.881888	0.5870077	0.628297	0.65921533	0.658758	0.6619898	0.68634903	0.63945377	0.8146111	0.7138509	0.90770113	0.8783796	0.9171608	0.8050587	0.7436793	0.6306809	0.5901716	0.8506984	0.8159378	0.7709332	0.74966156	0.74159026	0.5323376	0.6300357	0.88832414	0.835063	0.753723	0.63421607	0.6218845	0.69365424	0.69427526
