	5-1/num	Blok/name	Bram/name	Charlotte/name	Clinton/name	Croes/name	Eddy/name	Frank/name	Gerard/name	Grosjean/name	Hewitt/name	Ids/name	Lamine/name	Lily/name	Madonna/name	Marja/name	Michiels/name	Mike/name	Nationaal/name	Ria/name	Rijkaard/name	Robert/name	Rosenmöller/name	SP/name	Ten/adv	The/name	Tomislav/name	VVD'er/noun	Von/name	aan/prep	acht_baan/noun	achteraf/pp	alleen/adj	alleen/adv	alles/noun	als/prep	alsof/comp	altijd/adv	amper/adv	atlete/noun	begin_periode/noun	bewindsman/noun	bitter/adj	blijf/adj	café_bezoeker/noun	concert/noun	correct/adj	daaraan/pp	dag/noun	dagelijks/adj	dat/det	detail/noun	die/det	discussie/noun	documentaire/noun	dokter/noun	duur_voort/adj	eens/adv	eraan/pp	feit/noun	foto/noun	geleden/adj	gelukkig/adj	gesprek/noun	geweeklaag/noun	goed/adj	graag/adv	haar/pron	hem/pron	het/adj	hij/pron	iedereen/pron	iets/noun	ik/pron	inwoner/noun	je/pron	kast/noun	kerst_avond/noun	klassieker/noun	laat/adj	lang/adj	leraar/noun	les/noun	levendig/adj	lezer/noun	lief/adj	maar/adv	magie/noun	man/noun	me/pron	meer/adj	meisje/noun	men/pron	mens/noun	mentor/noun	mij/pron	minister-president/noun	misschien/adv	muziek/noun	niemand/pron	niet/adv	niets/adv	niets/noun	niks/noun	nog/adv	nota/noun	ons/noun	ons/pron	ook/adv	opeens/adv	partij_genoot/noun	passage/noun	periode/noun	plaat/noun	plek/noun	politicus/noun	producer/noun	publiek/noun	satire/noun	song/noun	tekst/noun	toen/adv	toen/comp	tv_kijker/noun	u/pron	uit/prep	vaak/adj	veel/adj	veld_slag/noun	versregel/noun	vooral/adv	voorman/noun	voornaam/noun	voorts/adv	voorzitter/noun	we/pron	weer/adv	weinig/adj	werk_dag/noun	wie/pron	wij/pron	woord/noun	ze/pron	zelfs/adv	zich/pron	zij/pron	zo/adv
5-1/num	0.0	0.9674602	0.95754004	0.9802744	0.9585033	0.9405707	0.97476506	0.97474045	0.9494578	0.8518305	0.832144	0.9436023	0.9683766	0.96965766	0.9556556	0.9611444	0.9302804	0.96402335	0.96935695	0.968496	0.93400246	0.9463499	0.94759744	0.9540661	0.96011513	0.97183794	0.9333304	0.96959525	0.97654265	0.96197075	0.9832482	0.93690526	0.9749467	0.9771712	0.9641404	0.9609713	0.9442187	0.93213326	0.92978746	0.9226568	0.953786	0.9695536	0.9457218	0.96252954	0.97423875	0.9720662	0.9404977	0.9360758	0.95155454	0.9559011	0.9303987	0.95016587	0.9249705	0.9641759	0.9649727	0.98096615	0.94486433	0.9630456	0.95394146	0.9704688	0.9819313	0.9409246	0.9434011	0.9519559	0.97321606	0.96072555	0.9389917	0.9503788	0.94714373	0.9530127	0.94520193	0.9587073	0.9522383	0.9541754	0.9814964	0.9306497	0.9470492	0.9689325	0.9537415	0.9086664	0.95745385	0.97885674	0.96514595	0.9550459	0.9665235	0.947531	0.9656897	0.97839653	0.9620161	0.94299304	0.96434724	0.96262246	0.94752324	0.97854996	0.97633773	0.95131385	0.9805297	0.9427427	0.9790478	0.9666654	0.950772	0.96695846	0.9766815	0.97599167	0.9143778	0.966289	0.93615043	0.935624	0.95829326	0.9361557	0.955511	0.96822584	0.9285507	0.966006	0.9456476	0.96822304	0.9676426	0.9538863	0.96203333	0.9556334	0.96062	0.942751	0.9123729	0.97067183	0.9556928	0.959393	0.96429944	0.97126114	0.9507495	0.9867418	0.95994693	0.96683747	0.9678355	0.97086275	0.9703487	0.88587606	0.9314126	0.952175	0.9511589	0.96439105	0.9309808	0.95733476	0.9489584	0.9127824	0.9539375	0.9537305	0.93071747
Blok/name	0.9674602	0.0	0.9318326	0.9201835	0.81816083	0.9294915	0.8579702	0.893657	0.8936875	0.9616298	0.9211131	0.94570684	0.8844832	0.9605924	0.9008893	0.95593756	0.9161575	0.91955876	0.8725175	0.92852104	0.8818582	0.9001717	0.8533245	0.6882908	0.89192027	0.9335537	0.9431479	0.8416672	0.90936273	0.91140604	0.9672077	0.84442544	0.83837616	0.81694275	0.89441735	0.8239728	0.8593552	0.8519	0.89414304	0.94362366	0.93259794	0.857255	0.8638637	0.86455137	0.9651134	0.929874	0.85646015	0.86838114	0.9287502	0.8902836	0.8350832	0.90951186	0.79786956	0.81158197	0.9266277	0.9176302	0.8153468	0.88641196	0.9150531	0.85879904	0.90977556	0.8986413	0.90947574	0.89053863	0.9522898	0.9160145	0.9227668	0.8457082	0.8238119	0.9028855	0.812199	0.8380447	0.905897	0.8993505	0.8823022	0.8779399	0.9248174	0.93616396	0.9351549	0.9135746	0.89851934	0.8788157	0.9049799	0.9025921	0.85152847	0.8738511	0.8694986	0.9251402	0.9066482	0.8710113	0.8715795	0.9129837	0.8101337	0.8884565	0.92405933	0.84382963	0.823409	0.8656726	0.9132713	0.8317449	0.8759863	0.8806577	0.8978647	0.8982306	0.90051997	0.88091165	0.85778743	0.83643633	0.8435124	0.84685373	0.7981654	0.87473387	0.90950924	0.91572654	0.91010314	0.72216177	0.932515	0.85848874	0.9003543	0.91786927	0.8531388	0.8561888	0.8859692	0.9285649	0.87071764	0.9081746	0.848823	0.86799836	0.9185436	0.9837774	0.8289292	0.8382362	0.93738127	0.845589	0.85613114	0.8762238	0.89022094	0.86218065	0.91050273	0.86324644	0.80318624	0.866835	0.8180455	0.78501284	0.84523755	0.7626162	0.8461343
Bram/name	0.95754004	0.9318326	0.0	0.8932364	0.8745185	0.8811126	0.81215465	0.7752141	0.8160067	0.9171151	0.88791955	0.89129186	0.8993355	0.9251803	0.9051121	0.9477171	0.83463544	0.7707247	0.9111318	0.893812	0.85125303	0.8273503	0.8856811	0.9249111	0.9341653	0.88248825	0.9283605	0.91574603	0.88198644	0.9034413	0.9674831	0.862787	0.8964325	0.88977087	0.92911744	0.80205894	0.8692195	0.8821665	0.87486297	0.8912279	0.9322981	0.90034276	0.89962375	0.9163289	0.96328765	0.88949394	0.8992011	0.9315621	0.9178241	0.92478484	0.9102901	0.9031238	0.87557673	0.93792796	0.90487546	0.8777392	0.8842255	0.88404906	0.93736976	0.92477596	0.9208089	0.9017799	0.87781376	0.9089345	0.95936704	0.92792535	0.89568645	0.8540465	0.8500101	0.92801327	0.78785896	0.8596951	0.92898595	0.85757864	0.9458782	0.88738626	0.91038394	0.9479406	0.8671187	0.88003296	0.9100459	0.8612893	0.88842446	0.8700664	0.8759519	0.8928365	0.9010587	0.9358784	0.8684954	0.8918194	0.9208505	0.8596244	0.91090524	0.9096707	0.90819496	0.8686484	0.88786924	0.8673874	0.8810737	0.9007728	0.90303564	0.90024364	0.9350112	0.91311264	0.890616	0.93531257	0.8906744	0.9154273	0.8846503	0.8789095	0.89044595	0.9010963	0.93099463	0.885198	0.9068524	0.87613297	0.8693683	0.88092065	0.9167362	0.87387705	0.8959711	0.8456655	0.85365266	0.95453614	0.89272946	0.89048755	0.8800714	0.90709925	0.94615126	0.97489	0.88394284	0.8984865	0.928426	0.8692206	0.901663	0.9085902	0.89110124	0.886652	0.93127185	0.86788595	0.9079183	0.92322516	0.8614603	0.8617722	0.9153152	0.8574379	0.91101134
Charlotte/name	0.9802744	0.9201835	0.8932364	0.0	0.88935727	0.9277583	0.8991608	0.85392	0.86836725	0.9159533	0.929405	0.9750829	0.94689935	0.8441852	0.8108835	0.89549524	0.89336604	0.8820004	0.9239447	0.8767769	0.9025584	0.84524345	0.94240165	0.9400473	0.9297589	0.83915514	0.9788942	0.9509012	0.86042774	0.93311584	0.93410236	0.91525424	0.90511966	0.89777356	0.9227792	0.82556576	0.8690413	0.8937579	0.891167	0.9033514	0.9565401	0.94249034	0.86734015	0.92077243	0.9604839	0.89395845	0.93317354	0.9422837	0.93371034	0.9101254	0.9438016	0.8731859	0.8966867	0.9507213	0.85227334	0.889689	0.87847173	0.91953003	0.93003	0.9292711	0.8303007	0.92968285	0.8673308	0.89306414	0.97031844	0.92647564	0.9235386	0.81390184	0.8920907	0.9333327	0.8609866	0.9013668	0.9189089	0.8877031	0.9469627	0.8974472	0.9172141	0.94217384	0.87078077	0.92234296	0.9149857	0.8751077	0.9217401	0.85403955	0.8714782	0.8465973	0.9103142	0.93901646	0.87363553	0.9275234	0.9335586	0.8103946	0.91015565	0.91090035	0.9211352	0.9217942	0.92717534	0.8980745	0.8432262	0.9339131	0.93604976	0.91692734	0.9409735	0.93568647	0.94284874	0.9414595	0.9137361	0.939633	0.91008204	0.8904168	0.919029	0.854529	0.94433576	0.87586415	0.9209411	0.90120023	0.8655945	0.8611313	0.91215456	0.8573624	0.86741537	0.8897317	0.90017784	0.9402104	0.89855254	0.85775393	0.85890234	0.91911733	0.9274848	0.95724845	0.8857962	0.9366931	0.9211513	0.8852495	0.94538045	0.91575086	0.9117939	0.92816395	0.9797622	0.85372627	0.918107	0.90260154	0.8166932	0.87501466	0.92611134	0.81886095	0.896203
Clinton/name	0.9585033	0.81816083	0.8745185	0.88935727	0.0	0.9113045	0.8588432	0.82501113	0.8416968	0.951961	0.8707144	0.9284557	0.8666527	0.90252644	0.8625497	0.93736315	0.9145962	0.879229	0.9151451	0.8881475	0.82210463	0.80698705	0.8233206	0.80727476	0.8948973	0.8846978	0.9412276	0.8333663	0.86137366	0.86588645	0.9568829	0.81541634	0.85081273	0.82643366	0.867833	0.7645254	0.83123314	0.83596385	0.89669675	0.900965	0.9398788	0.74247175	0.83715993	0.84409475	0.9614672	0.892373	0.85669374	0.8665112	0.88256997	0.8702444	0.87647504	0.86975074	0.8283152	0.84871006	0.8698059	0.84584886	0.8075117	0.86170065	0.8922278	0.8415774	0.9027965	0.84365773	0.8853362	0.79407525	0.96672755	0.9119278	0.8769805	0.7704402	0.72261524	0.90354156	0.699337	0.8325047	0.89392865	0.8721671	0.8808244	0.8979591	0.901013	0.9164324	0.9026061	0.87712836	0.903404	0.85314685	0.90398586	0.90509427	0.8196641	0.8332701	0.86242944	0.9052452	0.83061326	0.86891186	0.8972023	0.85992295	0.81986177	0.88068795	0.89315134	0.83093137	0.75850254	0.85207945	0.9001375	0.8396318	0.8769875	0.8349465	0.9037892	0.89215696	0.9118508	0.88303757	0.81950176	0.8443605	0.86053824	0.84391737	0.72342575	0.8607664	0.8951122	0.8951523	0.916669	0.6817951	0.8873936	0.830943	0.8730498	0.8935992	0.87039566	0.82828647	0.8147901	0.9355762	0.8480357	0.8679453	0.8295275	0.87243485	0.880054	0.96862376	0.83259106	0.8117461	0.9127758	0.80974656	0.7879361	0.8925876	0.8663308	0.8665812	0.92786753	0.83228076	0.83727777	0.8390318	0.80333596	0.76337653	0.83804256	0.7125124	0.8255913
Croes/name	0.9405707	0.9294915	0.8811126	0.9277583	0.9113045	0.0	0.8916963	0.8982701	0.893097	0.90469366	0.91904044	0.8923759	0.8872257	0.9730758	0.92567843	0.95104295	0.8952226	0.9081291	0.9240261	0.9008616	0.891291	0.90918756	0.9154973	0.90341127	0.9323512	0.95244014	0.9418718	0.89180976	0.9018394	0.92618865	0.94967353	0.9081986	0.93168396	0.9293084	0.9518331	0.86091846	0.9453581	0.92170686	0.9240068	0.89429706	0.92474985	0.8788674	0.93170357	0.9241032	0.96263796	0.95037216	0.9328999	0.95396715	0.95844734	0.95478135	0.9269563	0.94251287	0.8949847	0.94104576	0.9644898	0.9276602	0.92118704	0.9102813	0.9415763	0.94868267	0.9392869	0.933169	0.9202712	0.92848957	0.9342934	0.92616594	0.92899597	0.9091648	0.9045477	0.92654073	0.84685844	0.9316678	0.95295274	0.8869158	0.962643	0.9124061	0.9556117	0.94508547	0.9306484	0.9231972	0.9361185	0.94358337	0.95884645	0.945078	0.9171628	0.92354834	0.92667806	0.95302385	0.9493652	0.9228138	0.95306754	0.95754886	0.91960025	0.95405245	0.935532	0.9203455	0.8775176	0.923359	0.96345663	0.9438164	0.9162036	0.94038403	0.9447762	0.93685293	0.90146554	0.9396438	0.932674	0.92430747	0.912854	0.91954875	0.8883222	0.9285185	0.938285	0.9450979	0.9540087	0.90188676	0.92814636	0.9533881	0.9604012	0.9441823	0.9453353	0.9215788	0.90996665	0.93929625	0.924768	0.91217643	0.9221089	0.9318712	0.92867017	0.96621037	0.93332404	0.9440966	0.9373191	0.89665616	0.8675822	0.88577646	0.9148112	0.9250828	0.94962275	0.92702127	0.89419824	0.9537207	0.8968581	0.9032271	0.92929536	0.8728169	0.9278842
Eddy/name	0.97476506	0.8579702	0.81215465	0.8991608	0.8588432	0.8916963	0.0	0.65467894	0.76607275	0.9313163	0.89863616	0.9231013	0.9020832	0.9085307	0.87837744	0.92483133	0.82664514	0.78237534	0.9274495	0.8708079	0.85366374	0.7726417	0.91287225	0.8890154	0.9089913	0.86840504	0.91257304	0.91649336	0.8798787	0.87772864	0.9701514	0.8282854	0.8770276	0.847309	0.9039726	0.757385	0.8213762	0.85133004	0.8469413	0.8843721	0.95434177	0.8988733	0.89301777	0.9233119	0.9730179	0.8895998	0.9019498	0.9106997	0.8843654	0.8923473	0.928047	0.8987309	0.88094556	0.928976	0.86712205	0.8398694	0.85310847	0.85680026	0.8892869	0.88930905	0.8766341	0.8911392	0.88888514	0.8886763	0.9760048	0.90195143	0.93130463	0.8330559	0.8167628	0.9323326	0.7297603	0.8578684	0.9144728	0.85393065	0.88269734	0.8954271	0.9211827	0.94138867	0.85596824	0.8615752	0.9146231	0.83192664	0.8878651	0.91308695	0.8637483	0.8468908	0.8835372	0.9403801	0.8584165	0.88822615	0.9226795	0.89017797	0.8718469	0.9100162	0.91098475	0.8645332	0.89166796	0.8713891	0.9040954	0.85966057	0.90578336	0.89441127	0.9196929	0.888541	0.87760603	0.9321597	0.8446252	0.88198847	0.8755947	0.8759169	0.8404961	0.897904	0.92737323	0.8732165	0.90067995	0.8678185	0.8434561	0.8695273	0.92012835	0.886053	0.89232737	0.8225266	0.84008694	0.94050246	0.8706158	0.87227213	0.8750435	0.90076935	0.93855125	0.9623004	0.87731373	0.9257604	0.8865518	0.8416987	0.83712596	0.9032751	0.8520588	0.8825559	0.9447012	0.84167707	0.8961508	0.8974292	0.82919943	0.8096562	0.897041	0.8367209	0.88445354
Frank/name	0.97474045	0.893657	0.7752141	0.85392	0.82501113	0.8982701	0.65467894	0.0	0.7208797	0.91682804	0.88321036	0.92772925	0.88799036	0.9215034	0.84650445	0.94085014	0.8363772	0.75272477	0.91563225	0.8692019	0.7976198	0.6673464	0.90205026	0.88566124	0.9148874	0.7720442	0.9245658	0.9182216	0.85670394	0.91244864	0.97503936	0.8421408	0.86530256	0.84547275	0.9130691	0.7177224	0.8275439	0.8455094	0.86415344	0.90241563	0.941568	0.87541324	0.89199024	0.92184246	0.9804853	0.8406925	0.89942795	0.91981626	0.8947352	0.8763331	0.90587515	0.87026215	0.88138705	0.8968898	0.83636963	0.84660286	0.840835	0.8381512	0.88898486	0.8851815	0.8284939	0.86809206	0.86768085	0.8344406	0.9845217	0.90611225	0.92487484	0.80856323	0.7785215	0.915483	0.7198659	0.8473669	0.9112607	0.8593897	0.9143303	0.889709	0.90547156	0.9576877	0.8323461	0.8726838	0.8867814	0.83313197	0.8987971	0.89231044	0.82691026	0.832754	0.8696916	0.92984426	0.8458911	0.87680984	0.9203182	0.84871024	0.84653413	0.9181531	0.89803916	0.84918976	0.8795022	0.8757397	0.85374665	0.851534	0.8936785	0.88886464	0.90512496	0.87804186	0.901956	0.9136211	0.84915173	0.88415515	0.8670722	0.8760176	0.84429026	0.8666325	0.9169928	0.8600141	0.8941365	0.830565	0.8046775	0.84702	0.9075031	0.8610847	0.8483182	0.8016349	0.81867415	0.93377614	0.88969517	0.84818447	0.8554036	0.9045285	0.9274688	0.9490935	0.8638818	0.89760274	0.9063615	0.8221662	0.8311174	0.9093777	0.8646194	0.9043372	0.9557987	0.81392276	0.88259083	0.86317563	0.8235945	0.798573	0.8936938	0.82830495	0.8772269
Gerard/name	0.9494578	0.8936875	0.8160067	0.86836725	0.8416968	0.893097	0.76607275	0.7208797	0.0	0.94917977	0.917271	0.9325303	0.91035134	0.9154999	0.84481865	0.9197078	0.8627697	0.8104876	0.90234846	0.8831136	0.863093	0.70874345	0.9076089	0.8770519	0.9288535	0.83167946	0.93611526	0.90144944	0.8565669	0.8925574	0.96969813	0.8325314	0.8921253	0.87978035	0.89207256	0.7593598	0.8326385	0.8503498	0.8984573	0.91774523	0.93285656	0.88463306	0.878792	0.9048352	0.94999254	0.85701674	0.8857389	0.9215694	0.9250344	0.88302004	0.9233948	0.8482219	0.88035846	0.9068617	0.84503126	0.85360986	0.84635794	0.86911076	0.8936701	0.8909569	0.8615463	0.8569717	0.87040555	0.85408366	0.9623146	0.9258194	0.90945816	0.8195425	0.809729	0.9064173	0.7537626	0.86470914	0.90998995	0.8449248	0.8938999	0.8711986	0.91721123	0.94390464	0.8499765	0.8677893	0.8942102	0.83738124	0.921966	0.86549926	0.8151539	0.84475034	0.8973865	0.9386932	0.83074206	0.8743273	0.92795116	0.85595703	0.87810814	0.8930384	0.8768503	0.8536169	0.85057485	0.8690317	0.85935736	0.8995993	0.9294344	0.9044678	0.9208928	0.9028593	0.90660334	0.9084597	0.87605536	0.8988854	0.8741791	0.86102766	0.8829542	0.838282	0.9156874	0.8651419	0.88818055	0.8459909	0.8717177	0.8634024	0.8914821	0.8603421	0.8036344	0.85109854	0.83854795	0.93156815	0.8631927	0.85993385	0.83386636	0.8997606	0.91656417	0.9247192	0.86792123	0.88337773	0.9024646	0.8542092	0.83344126	0.8948914	0.89488703	0.897673	0.94185865	0.8397428	0.8822779	0.8476694	0.8329629	0.81159246	0.8883599	0.84921134	0.8645255
Grosjean/name	0.8518305	0.9616298	0.9171151	0.9159533	0.951961	0.90469366	0.9313163	0.91682804	0.94917977	0.0	0.70203793	0.92309546	0.94969404	0.9376112	0.94285697	0.969657	0.918558	0.92166287	0.98170537	0.94289774	0.85539114	0.9320369	0.9482432	0.95324564	0.96057737	0.9632995	0.91578627	0.9356308	0.9345607	0.94988275	0.9807529	0.9190335	0.93861645	0.9358258	0.9445915	0.89340657	0.9384383	0.91402125	0.9231491	0.8779798	0.96397626	0.926105	0.94802564	0.95374393	0.96836823	0.9601659	0.94498265	0.94578993	0.96310943	0.9645713	0.93979657	0.93282795	0.9243051	0.952495	0.95617247	0.9450285	0.9428627	0.93063706	0.9484121	0.9464146	0.9664197	0.9220907	0.9421114	0.9391074	0.9594488	0.91199064	0.9398744	0.90755427	0.9019592	0.9471705	0.85203165	0.91748095	0.93579	0.8826783	0.9523854	0.9326407	0.95943415	0.9483067	0.92787147	0.91072166	0.9421999	0.9531301	0.94486886	0.9430396	0.92337835	0.9235358	0.928885	0.9317417	0.9456671	0.9139963	0.9434441	0.9199997	0.93087554	0.9510289	0.944355	0.90864563	0.9491481	0.8967312	0.96714866	0.9365274	0.91431487	0.9336411	0.9492779	0.95240414	0.8979261	0.96605605	0.9297302	0.8990049	0.9178241	0.93671465	0.9500774	0.95412076	0.96404344	0.9662288	0.95514375	0.926735	0.94923824	0.93271536	0.94761974	0.9558235	0.94460595	0.9041996	0.93071175	0.9543162	0.943495	0.9520825	0.94554603	0.919745	0.9376832	0.9704868	0.92040324	0.96891963	0.9381987	0.9328443	0.96476114	0.89416975	0.9023511	0.92741686	0.9606939	0.94741565	0.8932275	0.9572833	0.90148854	0.9113258	0.9364375	0.9024218	0.91966003
Hewitt/name	0.832144	0.9211131	0.88791955	0.929405	0.8707144	0.91904044	0.89863616	0.88321036	0.917271	0.70203793	0.0	0.8911902	0.9161432	0.90177333	0.88732743	0.94010675	0.90820277	0.86789757	0.9750693	0.9246524	0.8542825	0.88381547	0.9000384	0.9016812	0.93391734	0.90384865	0.95962864	0.9158468	0.8984826	0.923356	0.95436496	0.8676605	0.89406776	0.8968078	0.9272414	0.8580015	0.87071157	0.8746413	0.9046268	0.88679004	0.9252689	0.9033524	0.9053601	0.9096826	0.95165163	0.90381634	0.9224156	0.92660594	0.91013217	0.9337674	0.90121317	0.9120026	0.8756324	0.923928	0.9174496	0.9263383	0.8639694	0.9013486	0.9349065	0.93451566	0.9546524	0.8948142	0.87772715	0.9280313	0.96103287	0.8919858	0.9089492	0.8356655	0.827765	0.9309426	0.77477396	0.86604494	0.92955035	0.8561855	0.9353122	0.89434785	0.92020845	0.945431	0.9173635	0.8708086	0.9013938	0.91338295	0.93630475	0.9154107	0.88055795	0.9009322	0.8933272	0.8956561	0.88074493	0.8607443	0.9298258	0.889332	0.90367126	0.9153193	0.9299055	0.8736273	0.91851705	0.8931697	0.9218458	0.87649447	0.87876713	0.8974194	0.9084778	0.89276373	0.9166891	0.9513754	0.88322157	0.85244435	0.8940004	0.89556056	0.87870234	0.9151248	0.93601894	0.9195435	0.93146896	0.8901646	0.8922991	0.8311925	0.9129058	0.8945391	0.92598593	0.84835124	0.84614843	0.90587634	0.91774017	0.9351638	0.8788812	0.88950276	0.9030745	0.95754105	0.8657282	0.9301353	0.9280597	0.90918875	0.932998	0.889182	0.8764853	0.9030341	0.9378158	0.898711	0.8729446	0.90356463	0.81982696	0.83905613	0.88789093	0.8366268	0.85373425
Ids/name	0.9436023	0.94570684	0.89129186	0.9750829	0.9284557	0.8923759	0.9231013	0.92772925	0.9325303	0.92309546	0.8911902	0.0	0.9316157	0.9731086	0.94784063	0.9314331	0.913824	0.9394491	0.9523239	0.9562045	0.8858334	0.9447804	0.9075904	0.9297557	0.94429296	0.9734939	0.94108987	0.9485918	0.93588203	0.9356264	0.9654092	0.9187565	0.9358433	0.9479477	0.95766664	0.90262306	0.9456305	0.9241232	0.929917	0.9037983	0.94309324	0.939725	0.96050525	0.9274253	0.9667128	0.9497624	0.9486593	0.9426508	0.91591835	0.9370371	0.94724095	0.9500104	0.9080517	0.9395004	0.9477807	0.94328415	0.9179221	0.9423144	0.95228994	0.9557085	0.96929294	0.93705726	0.93650144	0.92542183	0.9648154	0.9304533	0.9293499	0.9000371	0.869303	0.9610281	0.8596747	0.9222371	0.9535065	0.90400577	0.9812358	0.9261566	0.9600068	0.9203939	0.9392221	0.8974643	0.9161446	0.95138365	0.9561481	0.9473001	0.9577589	0.9313259	0.94752586	0.94987726	0.9408747	0.9292377	0.9444987	0.9507933	0.9349505	0.9337971	0.9151673	0.91986793	0.95331717	0.9394653	0.95805573	0.920904	0.9239311	0.9350917	0.97113705	0.96756065	0.91746664	0.9477294	0.9166109	0.9143631	0.91637254	0.9305233	0.9289428	0.95164543	0.9456144	0.9526093	0.91971165	0.9320554	0.93066	0.9318398	0.95054775	0.9515351	0.95116854	0.90333825	0.9303894	0.9479835	0.9254442	0.94430345	0.9275058	0.93861145	0.9298849	0.97129506	0.9185478	0.9399661	0.93649757	0.9305829	0.9438758	0.9006536	0.9123165	0.9486373	0.93524176	0.9159129	0.889234	0.97025895	0.8943845	0.9161121	0.9381007	0.87716556	0.93882185
Lamine/name	0.9683766	0.8844832	0.8993355	0.94689935	0.8666527	0.8872257	0.9020832	0.88799036	0.91035134	0.94969404	0.9161432	0.9316157	0.0	0.9668839	0.95016414	0.9516589	0.91548985	0.9075575	0.94253653	0.94211435	0.91210264	0.9271921	0.91387475	0.908639	0.9386951	0.9475561	0.94109917	0.9120049	0.9217522	0.91560817	0.9744859	0.873447	0.9260757	0.94024384	0.9432309	0.8858992	0.9345479	0.9236648	0.9433599	0.90962315	0.9708346	0.8517629	0.9286208	0.9287634	0.9602549	0.9415337	0.91323596	0.9372217	0.9522173	0.95115066	0.9171119	0.9362106	0.8852563	0.92006385	0.92504597	0.9137684	0.8952873	0.92519975	0.93411887	0.9191629	0.9475962	0.9304052	0.9497726	0.9206613	0.9546684	0.92496145	0.9319838	0.90955776	0.88562834	0.96478564	0.842598	0.92604303	0.94680643	0.8913451	0.9346799	0.9253792	0.9682713	0.9300214	0.9705602	0.9243372	0.97240317	0.9146091	0.94978267	0.9329151	0.9226443	0.94164884	0.92427903	0.94573754	0.9003491	0.91906434	0.9152719	0.92228705	0.9109281	0.9405708	0.9166595	0.9086911	0.86666995	0.9362765	0.9586787	0.8804472	0.9172146	0.9214571	0.90265083	0.9393131	0.9253011	0.9050915	0.93141186	0.92093796	0.92407125	0.94274014	0.88072145	0.92544305	0.960991	0.9558096	0.9521563	0.87663716	0.92875034	0.9194568	0.9479727	0.9430871	0.93630135	0.8775097	0.9062769	0.9184466	0.9056469	0.9089986	0.9295638	0.92759067	0.95094204	0.9622896	0.8999087	0.92225254	0.9354807	0.9114589	0.827934	0.8923081	0.9424424	0.89647746	0.93067026	0.891294	0.8811805	0.935625	0.8888448	0.9298123	0.91984975	0.8610064	0.9206201
Lily/name	0.96965766	0.9605924	0.9251803	0.8441852	0.90252644	0.9730758	0.9085307	0.9215034	0.9154999	0.9376112	0.90177333	0.9731086	0.9668839	0.0	0.89014924	0.88452435	0.9451987	0.919113	0.95303047	0.8866335	0.9318698	0.8863355	0.93025213	0.959752	0.9534792	0.9415841	0.96260387	0.9191518	0.8860959	0.92005193	0.9359828	0.9503123	0.92436624	0.94117093	0.957843	0.87112147	0.9112051	0.92381454	0.9470077	0.93294144	0.9308696	0.94497603	0.90774214	0.9390511	0.92410785	0.9437604	0.9494005	0.9418449	0.9256074	0.9420367	0.9450688	0.9526237	0.91376877	0.9452569	0.93329966	0.8924841	0.93461597	0.9436413	0.94457865	0.93800485	0.92679876	0.94446635	0.9153095	0.91861045	0.96528226	0.9260981	0.9396463	0.8700339	0.9119369	0.96534747	0.9040812	0.94112146	0.95347977	0.92390203	0.9555513	0.9211376	0.9515902	0.91588664	0.93931395	0.95523465	0.9566722	0.92067915	0.95477706	0.89581925	0.92417985	0.8837889	0.94794995	0.92298627	0.87109876	0.9333222	0.9493705	0.8692868	0.92844933	0.911544	0.9220503	0.9352594	0.94053376	0.92046106	0.9246038	0.9529609	0.9406546	0.95770043	0.9507812	0.9585386	0.9462512	0.94847906	0.93176883	0.930158	0.9485653	0.94005454	0.93170524	0.94948304	0.9565278	0.9467056	0.9307536	0.91891354	0.89346254	0.90865344	0.94855434	0.9463925	0.9425559	0.91913444	0.9179578	0.93233037	0.94991153	0.904279	0.888614	0.9350532	0.95189255	0.9373026	0.92531794	0.94807404	0.9226835	0.94174796	0.93523926	0.9452069	0.95514184	0.940372	0.9620322	0.90555984	0.929568	0.9413973	0.8863936	0.93029284	0.94127727	0.8619491	0.9078831
Madonna/name	0.9556556	0.9008893	0.9051121	0.8108835	0.8625497	0.92567843	0.87837744	0.84650445	0.84481865	0.94285697	0.88732743	0.94784063	0.95016414	0.89014924	0.0	0.9405781	0.92202055	0.8612815	0.9118552	0.87652916	0.88966495	0.8535515	0.9062164	0.93230796	0.90392965	0.7290157	0.9677323	0.9261143	0.8599263	0.8970663	0.9328645	0.8756322	0.8648252	0.86025226	0.8939026	0.78296304	0.80748296	0.8255046	0.890269	0.92603326	0.9055054	0.9127314	0.8861294	0.9053535	0.96281564	0.8115216	0.89182997	0.89523053	0.9122208	0.87987006	0.8916569	0.8747479	0.8420576	0.91244215	0.8089756	0.88754356	0.85068065	0.8940477	0.91038114	0.909677	0.8141445	0.88346356	0.8937053	0.90635747	0.9477653	0.9061843	0.9119846	0.74992526	0.8090929	0.92132354	0.7973353	0.8562598	0.89059603	0.8510258	0.91985214	0.84245723	0.8806522	0.9360606	0.79920995	0.9125583	0.87648314	0.9027064	0.8865278	0.8715258	0.84838355	0.8279145	0.8601366	0.85619116	0.81116956	0.8570375	0.92316335	0.7671936	0.882328	0.882646	0.9013003	0.84933233	0.91930705	0.8566761	0.7798917	0.9031564	0.91999745	0.8795787	0.9065393	0.895293	0.9232411	0.93552274	0.85044223	0.88674355	0.8584711	0.8213186	0.9154593	0.85845387	0.9278386	0.7838662	0.86408675	0.8539196	0.8115488	0.8240567	0.8611051	0.78490454	0.82552326	0.8553877	0.85537225	0.9043339	0.8747781	0.8472233	0.8109698	0.88519436	0.90859187	0.9464811	0.846514	0.8911698	0.8664086	0.86320484	0.9579639	0.8985436	0.8684632	0.8974309	0.9249316	0.836228	0.89136827	0.8708461	0.75933325	0.78715575	0.890362	0.80678153	0.84047043
Marja/name	0.9611444	0.95593756	0.9477171	0.89549524	0.93736315	0.95104295	0.92483133	0.94085014	0.9197078	0.969657	0.94010675	0.9314331	0.9516589	0.88452435	0.9405781	0.0	0.94721764	0.94396734	0.9701663	0.89091295	0.93438655	0.92369485	0.9235751	0.94331133	0.9279143	0.9673139	0.9499264	0.92482316	0.89355826	0.9389407	0.9580744	0.942995	0.9071337	0.9111352	0.9447699	0.9186758	0.91060966	0.9086377	0.94897115	0.95970625	0.92266685	0.91258925	0.9158602	0.9418348	0.9327178	0.9486465	0.9232374	0.9438833	0.9245035	0.9065332	0.9200196	0.9346724	0.9014116	0.94766957	0.9419886	0.95046717	0.9233788	0.93270695	0.94360304	0.9199801	0.9280939	0.96988	0.928539	0.8995377	0.96729994	0.9215882	0.9381386	0.89916766	0.92535895	0.9490149	0.88893116	0.9220191	0.9335307	0.8939465	0.9663767	0.89874226	0.95050085	0.9540109	0.9374895	0.9472387	0.93141645	0.9036878	0.95385915	0.91996694	0.9239515	0.9348438	0.9038383	0.9415503	0.9289046	0.9223018	0.92872554	0.93127584	0.9188089	0.9267269	0.9580899	0.9203786	0.957749	0.9133546	0.9107805	0.93239486	0.93515694	0.9256973	0.9430548	0.951355	0.9071693	0.9251029	0.92977923	0.9314177	0.9026972	0.91649944	0.95481366	0.92300236	0.9360853	0.9559476	0.9316291	0.9366345	0.9546598	0.9455833	0.93321705	0.9099027	0.8932914	0.910402	0.90721786	0.9364333	0.9144328	0.91497433	0.8952123	0.9082425	0.94793713	0.9262987	0.9170986	0.94038284	0.90476906	0.9167309	0.96341467	0.92301357	0.90421087	0.93878	0.95875007	0.8892869	0.89868027	0.9305109	0.8878732	0.9100559	0.91996956	0.8748074	0.90656435
Michiels/name	0.9302804	0.9161575	0.83463544	0.89336604	0.9145962	0.8952226	0.82664514	0.8363772	0.8627697	0.918558	0.90820277	0.913824	0.91548985	0.9451987	0.92202055	0.94721764	0.0	0.842057	0.9322001	0.9094752	0.903856	0.86487097	0.9479859	0.93522257	0.93503815	0.9257684	0.94256943	0.9531366	0.90512	0.9155036	0.9546954	0.9185265	0.9139911	0.9220239	0.945689	0.84905	0.9046575	0.9214847	0.892621	0.91647255	0.9390899	0.9189427	0.9273488	0.9258381	0.96411985	0.9124621	0.92693007	0.9118181	0.91471505	0.918114	0.95237803	0.90781766	0.9134535	0.9428959	0.90934944	0.89512223	0.90808696	0.9211427	0.9361039	0.93028563	0.90444416	0.9227183	0.9175173	0.9261088	0.97967803	0.93443835	0.92415226	0.9004247	0.8798251	0.933697	0.8343173	0.9151533	0.95702225	0.9231101	0.94416726	0.92590034	0.9190429	0.96240187	0.89826936	0.9252838	0.9469903	0.89645267	0.93846136	0.91769373	0.93181825	0.92203885	0.93939334	0.9492907	0.9113146	0.925334	0.9347266	0.9270639	0.9162776	0.9301668	0.9213794	0.9002806	0.9237217	0.93556964	0.91281766	0.9175956	0.9417174	0.92588794	0.9651599	0.9494532	0.8825371	0.9506796	0.89911556	0.8992238	0.9124381	0.92141753	0.90703523	0.921893	0.9335865	0.9063528	0.9229538	0.91556555	0.89854723	0.91924053	0.94463027	0.91857386	0.918187	0.88509756	0.87326276	0.9470855	0.93094957	0.90576905	0.9026949	0.9354768	0.94651085	0.9869309	0.8990946	0.93454564	0.9432591	0.8748819	0.9215294	0.9072132	0.90580213	0.91685027	0.9475634	0.9006171	0.92023957	0.9545046	0.9003767	0.91173846	0.9247958	0.88229156	0.92991716
Mike/name	0.96402335	0.91955876	0.7707247	0.8820004	0.879229	0.9081291	0.78237534	0.75272477	0.8104876	0.92166287	0.86789757	0.9394491	0.9075575	0.919113	0.8612815	0.94396734	0.842057	0.0	0.9192864	0.86880344	0.8694004	0.70010835	0.9329952	0.92528015	0.90755385	0.7861338	0.9141227	0.91068316	0.86238444	0.93506336	0.9566978	0.87200356	0.90307766	0.89796525	0.9061083	0.7828315	0.8549158	0.8818917	0.88663155	0.8858606	0.9094317	0.8991579	0.90144175	0.915056	0.96618223	0.8632804	0.9109344	0.91576594	0.93400997	0.89341754	0.93747056	0.8736129	0.89956486	0.92225826	0.855105	0.8598372	0.87508696	0.86823714	0.91220504	0.9038389	0.90718484	0.90511614	0.8881127	0.8966602	0.976583	0.9075378	0.9003758	0.8447598	0.8373992	0.92765105	0.7853577	0.90143013	0.92022663	0.8832536	0.9241153	0.88370913	0.9231038	0.92359775	0.86128366	0.9025404	0.92782503	0.8809858	0.90461487	0.8927372	0.88839644	0.87702227	0.9074814	0.9007075	0.85947937	0.88439256	0.9362358	0.8484794	0.9037528	0.91898835	0.892859	0.88897043	0.89730257	0.89051026	0.85394067	0.91626006	0.9270973	0.90557235	0.9527356	0.9168634	0.9005073	0.9271058	0.8980839	0.90625775	0.8943696	0.86202294	0.87709063	0.884571	0.9365021	0.8471286	0.9077082	0.86692065	0.7952139	0.86205566	0.8947692	0.8311551	0.8834648	0.8587837	0.8600788	0.9451522	0.9003444	0.8819766	0.86361456	0.9301738	0.8828479	0.96420777	0.8789491	0.89056575	0.9020824	0.8836414	0.89545053	0.9055406	0.86033547	0.91294974	0.92502934	0.85853857	0.906958	0.9086096	0.84676003	0.84597725	0.87976515	0.8665406	0.8926069
Nationaal/name	0.96935695	0.8725175	0.9111318	0.9239447	0.9151451	0.9240261	0.9274495	0.91563225	0.90234846	0.98170537	0.9750693	0.9523239	0.94253653	0.95303047	0.9118552	0.9701663	0.9322001	0.9192864	0.0	0.9282803	0.94540745	0.8892854	0.9399051	0.92561233	0.8970914	0.9063918	0.9780367	0.93459237	0.92176306	0.8784442	0.9624448	0.92450625	0.9086341	0.9173205	0.9416854	0.85519886	0.90606046	0.92411125	0.9163636	0.9376032	0.9518479	0.92659086	0.9253479	0.91745484	0.98887503	0.8524703	0.9037223	0.9115641	0.91301537	0.89740795	0.94032526	0.9308712	0.8954431	0.91255367	0.9049791	0.92904764	0.8965956	0.9301923	0.91320145	0.9357731	0.90473694	0.88771147	0.9287631	0.9172166	0.98017395	0.9175905	0.953218	0.9193928	0.92702836	0.9358382	0.9242959	0.9294973	0.93872845	0.95730025	0.8771626	0.9337197	0.91882664	0.9517477	0.8980482	0.9046087	0.93850124	0.8850554	0.90660554	0.91917694	0.91282743	0.910172	0.9409375	0.92661387	0.9180764	0.960845	0.93119586	0.91493636	0.9158099	0.9185629	0.9555772	0.9468496	0.91415364	0.94632804	0.8853668	0.94852555	0.96227807	0.92172694	0.9544581	0.96208495	0.9228568	0.90827966	0.900367	0.9356163	0.9117434	0.8853048	0.9267347	0.925752	0.9405851	0.90763175	0.8893396	0.8977757	0.92530733	0.88340217	0.9538275	0.91412336	0.88073575	0.9208946	0.91542345	0.97698957	0.90889525	0.84927607	0.9079086	0.95145315	0.8980907	0.9754482	0.89613605	0.858794	0.93645793	0.8474218	0.92023426	0.93821245	0.9278897	0.91923094	0.90256834	0.9111595	0.93123126	0.90404236	0.9214467	0.8784375	0.91727614	0.8874331	0.93177676
Ria/name	0.968496	0.92852104	0.893812	0.8767769	0.8881475	0.9008616	0.8708079	0.8692019	0.8831136	0.94289774	0.9246524	0.9562045	0.94211435	0.8866335	0.87652916	0.89091295	0.9094752	0.86880344	0.9282803	0.0	0.90461236	0.8983073	0.933259	0.9253499	0.93491536	0.9010699	0.9678443	0.89624316	0.8954031	0.9052044	0.9634016	0.8945284	0.9035951	0.89328456	0.9287145	0.8604186	0.8847192	0.87796634	0.9015755	0.9018522	0.9476718	0.90436673	0.9210018	0.90795755	0.9509613	0.93053645	0.90841407	0.9330904	0.9218065	0.89897543	0.93959546	0.9052249	0.8896195	0.91395074	0.9279549	0.91805	0.9169725	0.89185256	0.9174328	0.9184789	0.9104901	0.9514478	0.92390203	0.9023889	0.96699095	0.9162864	0.895693	0.8544276	0.884302	0.93015045	0.8541485	0.8977972	0.8988195	0.86430717	0.94268715	0.878405	0.9081545	0.9339448	0.8921424	0.9340133	0.9208019	0.89032423	0.9270224	0.8964018	0.88670164	0.8865899	0.9106858	0.9329904	0.9025787	0.88788056	0.9338588	0.89725935	0.89479804	0.90248376	0.9324135	0.8755801	0.9080517	0.91361856	0.9146186	0.9104693	0.9200732	0.90426105	0.9408518	0.9002248	0.9170904	0.93900967	0.8834592	0.9100833	0.8933927	0.89146847	0.90149546	0.9083873	0.95815855	0.9055455	0.9240909	0.8890184	0.88815314	0.8970044	0.9224841	0.9068631	0.9133341	0.9049791	0.8853518	0.9239302	0.9010444	0.8878603	0.8814507	0.89907664	0.9389674	0.95916533	0.89593637	0.9323262	0.8983829	0.8930646	0.9408143	0.9104409	0.9197581	0.92128426	0.94442314	0.8827336	0.89434016	0.9168725	0.839869	0.8883639	0.91765374	0.85338306	0.8902558
Rijkaard/name	0.93400246	0.8818582	0.85125303	0.9025584	0.82210463	0.891291	0.85366374	0.7976198	0.863093	0.85539114	0.8542825	0.8858334	0.91210264	0.9318698	0.88966495	0.93438655	0.903856	0.8694004	0.94540745	0.90461236	0.0	0.87456375	0.8610934	0.86827207	0.925108	0.9345659	0.8759953	0.87157327	0.86733454	0.892231	0.9508531	0.80700207	0.8720078	0.86874276	0.90435714	0.8275158	0.8430402	0.8222409	0.8472242	0.8962602	0.93587494	0.83019614	0.8642186	0.8868972	0.95898396	0.90012825	0.8891254	0.89146566	0.8879266	0.9091146	0.8401306	0.88664705	0.7971207	0.898234	0.93059725	0.89921325	0.8128216	0.84586066	0.90657395	0.9193032	0.9264772	0.90955466	0.852698	0.9016382	0.9562497	0.84586143	0.8886516	0.8219094	0.7985255	0.92929995	0.7225672	0.7953946	0.89011496	0.7738683	0.93672323	0.83765453	0.9153864	0.9287472	0.90496176	0.89028525	0.8887767	0.8859173	0.9243569	0.90916204	0.84020245	0.85118806	0.86975485	0.90747947	0.88974684	0.8249196	0.8847667	0.9117193	0.833671	0.87587404	0.9118675	0.817691	0.886356	0.84075165	0.91095567	0.8582012	0.83590674	0.88220066	0.9270881	0.9005587	0.8551979	0.8937369	0.85689616	0.85290015	0.8423281	0.8632492	0.8799202	0.91212183	0.9148098	0.8936113	0.90636706	0.84080213	0.8713044	0.8223629	0.9170007	0.89413214	0.9133334	0.8242624	0.82404983	0.9098968	0.85867715	0.9183262	0.8341366	0.8628176	0.92866147	0.96247816	0.860086	0.90321916	0.9208522	0.86722094	0.8914042	0.80952454	0.81219304	0.857308	0.91666675	0.8557554	0.80924374	0.8716726	0.7827745	0.8403034	0.8861548	0.81171286	0.84447443
Robert/name	0.9463499	0.9001717	0.8273503	0.84524345	0.80698705	0.90918756	0.7726417	0.6673464	0.70874345	0.9320369	0.88381547	0.9447804	0.9271921	0.8863355	0.8535515	0.92369485	0.86487097	0.70010835	0.8892854	0.8983073	0.87456375	0.0	0.9185366	0.90024054	0.91084087	0.72735393	0.93040323	0.92205775	0.82288593	0.9142351	0.9598974	0.846039	0.8709129	0.85161245	0.8913197	0.6938863	0.81776583	0.8633448	0.8630911	0.8927183	0.94127756	0.86798906	0.8628906	0.90417796	0.97767824	0.8701259	0.9037837	0.9068554	0.9318497	0.8904767	0.919768	0.86413157	0.88039994	0.8983986	0.80953515	0.84380955	0.83809936	0.8863576	0.8954753	0.90060896	0.86020464	0.8459358	0.8623132	0.8249175	0.9779056	0.89522004	0.9042563	0.8304397	0.81955177	0.9287426	0.7717561	0.8862531	0.90835035	0.9051676	0.8950908	0.89510405	0.8932742	0.9171958	0.82858205	0.8800185	0.9020977	0.8283136	0.8865247	0.8758377	0.8297614	0.85412323	0.87147415	0.9183783	0.83005834	0.9084125	0.9212344	0.8319559	0.8870768	0.90307647	0.87673223	0.88328195	0.8516798	0.8693538	0.82309	0.9052253	0.9456116	0.8969901	0.9269066	0.9052721	0.9396848	0.9089785	0.863238	0.89566773	0.8860624	0.8403027	0.8627247	0.8740833	0.91385096	0.8470024	0.9034368	0.7684087	0.77928346	0.83892787	0.85721755	0.819546	0.8338298	0.8313276	0.8411932	0.9479551	0.8841784	0.8380583	0.844471	0.9038577	0.89966655	0.94229853	0.83521914	0.82096857	0.8897071	0.84832394	0.82221913	0.92462647	0.90598565	0.876371	0.95153147	0.80491036	0.90882474	0.867142	0.85382104	0.7983784	0.8682464	0.8294209	0.87274563
Rosenmöller/name	0.94759744	0.8533245	0.8856811	0.94240165	0.8233206	0.9154973	0.91287225	0.90205026	0.9076089	0.9482432	0.9000384	0.9075904	0.91387475	0.93025213	0.9062164	0.9235751	0.9479859	0.9329952	0.9399051	0.933259	0.8610934	0.9185366	0.0	0.81573397	0.9079113	0.9511041	0.9466116	0.8042387	0.88435525	0.90732026	0.9615477	0.8392778	0.8640417	0.88063234	0.8860585	0.8933817	0.88071865	0.86080486	0.9237693	0.9426633	0.93023074	0.80470103	0.8778018	0.8680658	0.97300094	0.94423205	0.8677174	0.89160186	0.9080001	0.91263664	0.84132445	0.89829296	0.83353734	0.8393288	0.9317479	0.9268994	0.83340585	0.881288	0.92570215	0.8914296	0.956937	0.9177489	0.89514387	0.896961	0.9411901	0.9281564	0.8589	0.85587406	0.8268044	0.9262043	0.7729958	0.8336549	0.90473175	0.8591274	0.9305857	0.8703117	0.9407908	0.94911736	0.9339887	0.9297918	0.9121945	0.8970717	0.9283465	0.91165876	0.8513747	0.87590307	0.87908715	0.91580266	0.8952621	0.8548351	0.9216748	0.9053986	0.8510214	0.8903271	0.93555814	0.8575883	0.82295775	0.86979175	0.94443035	0.85523754	0.8604741	0.8852378	0.90830785	0.9109947	0.9004791	0.8656856	0.8527801	0.8659412	0.87650526	0.8722417	0.81668913	0.8824804	0.9406236	0.9304788	0.923411	0.78268945	0.9011736	0.8718354	0.88459295	0.9233798	0.9155616	0.88014877	0.8695791	0.91689575	0.86223626	0.9256844	0.8538011	0.8955055	0.93108255	0.96973485	0.87663066	0.8512572	0.9349321	0.8540832	0.87919676	0.8894303	0.8943673	0.868259	0.9304302	0.8862321	0.86160934	0.8820295	0.8281836	0.84630245	0.8604284	0.7917842	0.84952086
SP/name	0.9540661	0.6882908	0.9249111	0.9400473	0.80727476	0.90341127	0.8890154	0.88566124	0.8770519	0.95324564	0.9016812	0.9297557	0.908639	0.959752	0.93230796	0.94331133	0.93522257	0.92528015	0.92561233	0.9253499	0.86827207	0.90024054	0.81573397	0.0	0.9105433	0.9608752	0.96806765	0.7818303	0.8956179	0.8868003	0.9808693	0.8627811	0.88108987	0.8698755	0.9017955	0.86956966	0.90475637	0.848877	0.91982937	0.95976055	0.9066249	0.7986881	0.87956643	0.8574131	0.98443705	0.9427758	0.8561739	0.86629486	0.9323746	0.9165911	0.8588937	0.900406	0.8104035	0.79879665	0.9418711	0.9271286	0.8413531	0.8797733	0.91477895	0.91390944	0.9625358	0.9307485	0.8899481	0.88335097	0.95352316	0.921217	0.915033	0.89503413	0.8683176	0.9251809	0.8132893	0.88073444	0.91079175	0.8846022	0.8639536	0.90061283	0.9426316	0.9579615	0.94966817	0.91957647	0.8858776	0.88324857	0.91660625	0.92860943	0.8774874	0.86352235	0.89707965	0.93628687	0.9194634	0.8992451	0.88772535	0.92285156	0.8207696	0.89495635	0.93240607	0.9012874	0.7892622	0.87116677	0.9404445	0.8556651	0.867366	0.9070567	0.89336514	0.91398853	0.8949865	0.8828003	0.87314737	0.8736315	0.8547673	0.88844377	0.7470238	0.9106871	0.9087513	0.94703114	0.9111314	0.77544516	0.9287198	0.8900964	0.92306983	0.936792	0.90678394	0.8689145	0.898142	0.9525604	0.87901217	0.9299979	0.87360346	0.8925595	0.9406532	0.98905736	0.8367672	0.860022	0.92454666	0.83811736	0.8408471	0.83843875	0.87684274	0.8573941	0.9383525	0.89199716	0.783357	0.91073805	0.84109795	0.8372652	0.8806028	0.7784189	0.8539854
Ten/adv	0.96011513	0.89192027	0.9341653	0.9297589	0.8948973	0.9323512	0.9089913	0.9148874	0.9288535	0.96057737	0.93391734	0.94429296	0.9386951	0.9534792	0.90392965	0.9279143	0.93503815	0.90755385	0.8970914	0.93491536	0.925108	0.91084087	0.9079113	0.9105433	0.0	0.9245274	0.9458419	0.91455805	0.91746205	0.8559773	0.9363978	0.8822422	0.82393	0.8453275	0.8880589	0.84503627	0.8600607	0.8854064	0.8975131	0.95170844	0.93593025	0.8689622	0.90683025	0.8589699	0.95240074	0.8984905	0.878471	0.87548655	0.87312186	0.8525157	0.8815372	0.8754011	0.8423765	0.8721242	0.8713083	0.89970315	0.8507267	0.8925791	0.9115144	0.8992858	0.902575	0.91758084	0.9009697	0.90859175	0.9559924	0.87535024	0.91618264	0.88235325	0.8886699	0.9123169	0.86239755	0.87983733	0.9032261	0.9144024	0.85869557	0.88426167	0.89644367	0.94893366	0.910778	0.8975333	0.87560815	0.89167404	0.88298434	0.90367347	0.8853706	0.88189995	0.8750531	0.9042527	0.88178766	0.9073316	0.84624135	0.8884636	0.84649193	0.8628712	0.9279031	0.9128384	0.89301795	0.87523055	0.86958355	0.90072083	0.90433955	0.905329	0.9281092	0.934925	0.893268	0.890684	0.87130857	0.89345807	0.81730896	0.8908003	0.91700757	0.90653634	0.9046786	0.8971687	0.8679842	0.880603	0.92576593	0.8866326	0.92381597	0.88424915	0.86824214	0.8761693	0.85739183	0.9277871	0.9036849	0.8522215	0.8483393	0.8595072	0.90528965	0.94751364	0.831412	0.89529717	0.9119648	0.8065864	0.92000985	0.85772073	0.90972334	0.89045316	0.9070147	0.84563917	0.8744849	0.9002458	0.83621323	0.8363489	0.8959651	0.80548525	0.89070845
