	beleef/verb	buig_om/verb	opdracht/noun	onvoorspelbaar/adj	altijd/adv	hoe/adj	vreemde/noun	soms/adv	ben/verb	zie_uit/verb	avontuur/noun	behoorlijk/adj	omgeving/noun	olie_prijs/noun	positie/noun	verkeer/verb	prognose/noun	stunt_werk/noun	binnenlands/adj	reuze/adj	oversteek/noun	kritiek/noun	claim/noun	vind/verb	parkoers/noun	word/verb	krakkemikkige/adj	bevrijd/verb	standpunt/noun	besluit/noun	angst/noun	klus/noun	overleef/verb	voorspel/verb	post/noun	zo/adv	weliswaar/adv	moment/noun	gepaard/adj	exercitie/noun	ongetwijfeld/adv	koor/noun	bespaar/verb	natuurlijk/adj	even/adv	tijd/noun	bekom/verb	regelmatig/adj	tegenstander/noun	rit/noun	enquête/noun	zeker/adv	Koerdisch/adj	herinner/verb	heel/adv	gedicht/noun	genoeg/adv	ga_uit/verb	gijzelaar/noun	doceer/verb	oplossing/noun	plotseling/adj	vang/verb	knok/verb	talloos/adj	ga_op/verb	vrouw/noun	recent/adj	beloof/verb	breng_op/verb	huidig/adj	reis/noun	sport/noun	optie/noun	situatie/noun	paar/noun	toestand/noun	doorsta/verb	gebied/noun	deelnemer/noun	koers/noun	opnieuw/adv	schets/verb	lijk/verb	clandestien/adj	president/noun	kussen/noun	voorbij/adj	volk_raadpleging/noun	kan/verb	dreig/verb	trek_aan/verb	doel/noun	complex/adj	uitslag/noun	zo/adj	temeer/adv	minst/adj	manoeuvreer/verb	leid/verb	sprint/noun	aandenken/noun	vracht_wagen/noun	woon/verb	begrijp/verb	stap/verb	tref_aan/verb	rente/noun	onderweg/adj	bijzonder/adj	bestaan/noun	knot_gek/adj	bel/noun	echter/adv	hulp/noun	zaak/noun	nog/adv	structuur/noun	tocht/noun	Portugees/noun	het/noun	leer/verb	schipper/noun	zelfs/adv	onderneming/noun	functioneer/verb	verhaal/noun	reconstrueer/verb	even/adj	noodzakelijk/adj	stand_DIM/noun	lijm/verb	asymmetrische/adj	zorg/verb	opgenomen/adj	financieel/adj	op/adj	toer/noun	ambulanciers/noun	automobilist/noun	publicitair/adj	wat/adv	operatie/noun	onderdeel/noun	onderneem/verb	bereid/adj	breng/verb	opgaaf/noun	warenhuis/noun	veiligheid_situatie/noun	begin/verb	vaak/adj	meen/verb	duur/verb	demonstreer/verb	omstandigheid/noun	tafereel/noun	toch/adv	god/noun	blijf/verb	strijd/noun	bestrijding/noun	maak/verb	capriool/noun	dat/noun	impasse/noun	kunstenaar/noun	film/noun	voed/verb	zee/noun	groei_cijfer/noun	iets/adv	steeds/adv	slachtoffer/noun	blijk/verb	poging/noun	ouverture/noun	knijp_dicht/verb	onderwerp/noun	brandweer/noun	beschikbaar/adj	Brussels/adj	overhaast/adj	kracht/noun	boekdeel/noun	luchtvaart/noun	kwestie/noun	meest/adj	club/noun	red/verb	uiterst/adj	regering/noun	perfect/adj	dans/noun	gewraakt/adj	zijn/adj	verdedig/adj	cover/noun	chauffeur/noun	al/adv	trek/verb	definitie/noun	ervaar/verb	muzikaal/adj	dergelijk/adj	gemeente_kas/noun	lever_op/verb	haal_uit/verb
beleef/verb	0.0	0.9480767	0.8270944	0.6580366	0.76187885	0.7774246	0.69486886	0.7813461	0.80729115	0.8845746	0.44733483	0.8608814	0.83088017	0.92600036	0.9336011	0.8522223	0.92517793	0.9442965	0.9101048	0.7344842	0.85144293	0.89820355	0.9758915	0.9076633	0.8312514	0.8976831	0.8239407	0.951861	0.9712333	0.96773976	0.85454947	0.8787651	0.62453854	0.91284513	0.8558397	0.82836056	0.9326942	0.69871134	0.8167736	0.861989	0.6709159	0.8353857	0.8479896	0.8354781	0.8171207	0.776034	0.5006333	0.8441481	0.9171374	0.9478682	0.9561604	0.8821039	0.9647443	0.6818738	0.7505224	0.74364555	0.86370087	0.9161214	0.865428	0.8460535	0.93942076	0.87478215	0.83418125	0.8592223	0.70363927	0.92219007	0.89706075	0.87945205	0.7990794	0.9207834	0.9383763	0.5362625	0.5998667	0.8853667	0.8792005	0.8298198	0.9120841	0.56361926	0.8358249	0.77809256	0.9230009	0.8599175	0.8017641	0.7719192	0.66595054	0.9661754	0.9892408	0.6170175	0.9697396	0.8191067	0.9121715	0.92596054	0.89462376	0.8012362	0.95108366	0.94850516	0.7224044	0.9645216	0.91255313	0.82402915	0.9345073	0.5864267	0.91738206	0.9120646	0.8825791	0.6929969	0.9595638	0.9816323	0.69802463	0.73616743	0.88624376	0.5974266	0.9336099	0.8745834	0.9194501	0.93556327	0.86068165	0.870034	0.6224414	0.7485064	0.88112587	0.7502517	0.9085546	0.7939903	0.89581686	0.94025004	0.6877583	0.58013433	0.8785933	0.9116176	0.6412575	0.80107635	0.73733306	0.8433542	0.8983307	0.79678893	0.9290373	0.9248546	0.7397444	0.9125153	0.73995984	0.91271454	0.91371846	0.87114185	0.76965964	0.91511	0.89629143	0.8758751	0.93384147	0.89557683	0.5089272	0.79035825	0.95102036	0.6867882	0.8838401	0.81800544	0.8607733	0.86133695	0.84829664	0.8806712	0.8655194	0.9927249	0.8052954	0.70168513	0.9034877	0.9416699	0.87307584	0.7349311	0.8476255	0.6984156	0.9676392	0.93354756	0.90129805	0.9116429	0.92361903	0.8977026	0.599512	0.741119	0.8325926	0.99735945	0.8847301	0.96818554	0.833886	0.8128145	0.8740164	0.78026855	0.8432445	0.74756694	0.86277294	0.9501124	0.8309823	0.97048247	0.83414185	0.78386486	0.8903688	0.9524834	0.9250648	0.8963632	0.90339243	0.8064716	0.7588936	0.8134283	0.64849627	0.5539892	0.7501489	0.9954649	0.8099726	0.941676
buig_om/verb	0.9480767	0.0	0.85812336	0.7752915	0.92004186	0.8527735	0.97915024	0.84600896	0.9062218	0.6430763	0.9710778	0.75916815	0.97228074	0.8822242	0.85999644	0.7573225	0.78364855	0.96138966	0.84379095	0.9430967	1.0	0.88584596	0.9640417	0.9228262	0.9525658	0.81014806	0.9952295	0.8131769	0.9566201	0.9817905	0.88061476	0.8545036	0.8297905	0.70184237	0.91859376	0.9207208	0.77429134	0.9344513	0.90084326	0.9078387	0.8723537	0.97003484	0.79684335	0.809528	0.97652894	0.95585644	0.9110444	0.85435194	0.77995574	0.8697109	0.8849568	0.7982948	0.9628199	0.8660283	0.7805371	0.9532174	0.8271369	0.70516384	0.94089264	1.0	0.8999111	0.9138829	0.85640794	0.76568705	0.8797895	0.99016994	0.98998785	0.7687606	0.89773935	0.65315735	0.712168	0.96347135	0.94325584	0.903485	0.95432496	0.8922326	0.9723636	0.772693	0.8744503	0.8175292	0.9034302	0.79246813	0.7439759	0.88683134	0.9971272	0.96494126	0.9995109	0.85997593	0.86752695	0.8760533	0.8335543	0.8509742	0.94886076	0.7960456	0.86547506	0.85031366	0.83133614	0.8952999	0.6992535	0.81368554	0.92638206	0.9890643	0.9923361	0.9854214	0.7950488	0.9823559	0.86851066	0.95208144	0.95944774	0.8400537	0.92520094	0.8276545	0.99314356	0.81010467	0.9720044	0.90927684	0.8780225	0.95638853	0.98862344	0.9771204	0.9310607	0.84831125	0.9450155	0.830683	0.9470237	0.87069726	0.89968085	0.87876236	0.963805	0.9309388	0.96631616	0.8954104	0.93850374	0.8351439	0.8733084	0.73673105	0.9953982	0.93971115	0.9956779	0.94609207	0.9631069	0.83147776	0.9827266	0.9889667	0.95905197	0.901754	0.7517359	0.9649456	0.8692735	0.99418074	0.936323	0.8749943	0.9409817	0.89716405	0.9158391	0.908623	0.9977366	0.8338571	0.9154102	0.757448	0.93025905	0.9764383	0.8538168	0.99987584	0.88827306	0.93894005	0.95216465	0.9801983	0.7613322	0.92376214	0.764071	0.81586725	0.87866545	0.9726223	0.8890182	0.9895958	0.9608201	0.99548864	0.90146804	0.9220404	0.91221666	0.9741501	0.98711765	0.8195551	0.85795283	0.79419065	0.91042084	0.8641225	0.8723992	0.7241671	0.78956014	0.9338864	0.8137498	0.9998836	0.9965527	0.8772966	0.8361621	0.85902095	0.99070495	0.8883253	0.9094831	0.8592174	0.786778	0.906902	0.73552215	0.8497209	0.7619006	0.96599203
opdracht/noun	0.8270944	0.85812336	0.0	0.76737887	0.7798767	0.7886692	0.9627228	0.7426901	0.73075885	0.7980322	0.826453	0.70822823	0.773317	0.93908364	0.7116691	0.8897593	0.8433079	0.83344537	0.9382121	0.9649989	0.91832256	0.865296	0.8649489	0.86503565	0.5707394	0.83505946	0.8859992	0.9102315	0.84638655	0.82592165	0.9364932	0.53320706	0.88704836	0.90377283	0.6816635	0.7864527	0.7308466	0.7843082	0.900561	0.8742317	0.8248582	0.9071428	0.91656965	0.7955963	0.829551	0.93002164	0.8696523	0.72085977	0.69374645	0.8785666	0.8623544	0.70733714	0.9599211	0.9256506	0.70923626	0.8456334	0.7862678	0.92242545	0.8610707	0.8496247	0.83440423	0.9448753	0.8613887	0.90478766	0.8161952	0.9745491	0.9441103	0.9360914	0.73332566	0.9585642	0.86969906	0.818411	0.8833612	0.78345686	0.75135934	0.8724724	0.80044323	0.8917788	0.88754344	0.77155113	0.89475125	0.8589208	0.7292846	0.8492926	0.9224137	0.85242987	0.97592205	0.9290394	0.85064983	0.8296854	0.89997834	0.84389955	0.88189775	0.7284738	0.8517093	0.80545735	0.7415683	0.95193946	0.7180824	0.8839047	0.83489394	0.68230647	0.8925005	0.9049801	0.8517205	0.8177439	0.86993986	0.9901364	0.8013207	0.6325718	0.85004383	0.8639202	0.8967545	0.80713105	0.79837644	0.70933944	0.92737395	0.7444277	0.76039076	0.94374883	0.8595729	0.8343746	0.9217254	0.84680164	0.8138697	0.81337047	0.71589124	0.7868501	0.9140532	0.7988486	0.85051936	0.87931854	0.9058128	0.8645505	0.78699243	0.90565056	0.95061004	0.90268016	0.8622496	0.8906325	0.87789434	0.8276733	0.7577951	0.88123965	0.8928137	0.8372376	0.9044058	0.7884885	0.992587	0.91290915	0.831082	0.72219706	0.8035837	0.95657927	0.78528696	0.6913609	0.8039093	0.85937005	0.8173426	0.89462674	0.9119102	0.8543839	0.80127025	0.8028376	0.83648694	0.8597924	0.5886198	0.83590245	0.93043774	0.9118587	0.90875816	0.90711504	0.83778095	0.9210677	0.79687035	0.85350794	0.8127774	0.8410639	0.6517103	0.9266208	0.9044154	0.7348244	0.91289175	0.80073285	0.9298328	0.8481413	0.82734966	0.75570124	0.94881755	0.887573	0.69282675	0.88499606	0.6308075	0.8854351	0.94719094	0.8644358	0.6176743	0.9031572	0.8993279	0.8698946	0.91056854	0.77092123	0.7102436	0.80346245	0.8172201	0.9534341	0.89080167	0.920554
onvoorspelbaar/adj	0.6580366	0.7752915	0.76737887	0.0	0.62018895	0.72390497	0.8352297	0.51400864	0.6078177	0.7446823	0.6512383	0.7564501	0.67163205	0.6160929	0.89891595	0.69515556	0.4993013	0.8794222	0.7666539	0.7684594	0.88265336	0.84793067	0.87314916	0.8514383	0.73585963	0.8700834	0.81268436	0.85303724	0.7957353	0.8775909	0.78371453	0.7137803	0.701107	0.548794	0.796107	0.6412914	0.653476	0.6588077	0.635268	0.75059104	0.6717557	0.8935554	0.9267984	0.49831235	0.59282136	0.85578847	0.7752938	0.73820233	0.71711457	0.81053174	0.7139982	0.74871504	0.923032	0.85634637	0.6497954	0.75784457	0.74811393	0.5353067	0.7851029	0.7752818	0.80786854	0.87560403	0.60968745	0.8754469	0.7888167	0.8958478	0.9080047	0.64230347	0.7651241	0.70975935	0.6442733	0.85824835	0.5105164	0.8729651	0.6726842	0.8610436	0.7246082	0.80235267	0.7467761	0.73579156	0.61315614	0.8119019	0.67517924	0.7226484	0.8516327	0.9025276	0.97435117	0.7596752	0.69373983	0.79827124	0.79656684	0.78597677	0.8410786	0.50885224	0.7032877	0.6032303	0.60330933	0.8437701	0.7573091	0.6585482	0.83140844	0.8821895	0.9703492	0.8388113	0.7956644	0.8557135	0.8305849	0.7882424	0.7266582	0.62488544	0.8163269	0.64668536	0.9618278	0.61360896	0.9199835	0.76646614	0.8591324	0.6201604	0.8380797	0.825753	0.7521672	0.7923633	0.86445904	0.67524517	0.6507946	0.6747745	0.72868496	0.8103707	0.85659665	0.6909847	0.8447029	0.77245504	0.7968494	0.7017168	0.7845349	0.7040353	0.91291535	0.831527	0.9236916	0.7368703	0.687487	0.7535601	0.81041425	0.7066703	0.84081376	0.86988	0.8615509	0.7937206	0.83499724	0.71435183	0.8159864	0.5554588	0.8056	0.79671514	0.7850112	0.64079964	0.81314045	0.7303264	0.8876357	0.62036985	0.8726644	0.90152925	0.61213934	0.68493795	0.7101551	0.87061054	0.82061577	0.71974635	0.7610884	0.77189124	0.7931359	0.6024357	0.6184875	0.8405955	0.7147482	0.8040962	0.69225156	0.7552403	0.50484204	0.9458058	0.81124085	0.96802217	0.8256928	0.7805675	0.78729904	0.47560525	0.75799084	0.531511	0.8856542	0.8118657	0.4704141	0.88055074	0.70748436	0.60330564	0.8236205	0.85436964	0.8013848	0.91832733	0.9591895	0.80008674	0.8737502	0.50503916	0.653559	0.59598935	0.5531877	0.9043727	0.62751126	0.710846
altijd/adv	0.76187885	0.92004186	0.7798767	0.62018895	0.0	0.67646986	0.7042544	0.53756905	0.42426848	0.6300292	0.7077802	0.7249084	0.65744895	0.75038946	0.85490406	0.8931691	0.7773132	0.8055761	0.8864701	0.7458021	0.86943907	0.8350222	0.9377541	0.65749717	0.8345581	0.8831567	0.86259294	0.9455743	0.70150965	0.94901955	0.7636496	0.783581	0.83469486	0.8510152	0.71096885	0.64023787	0.76399386	0.55069715	0.91884923	0.81974137	0.627292	0.9690003	0.9219286	0.48004085	0.72209364	0.7360327	0.7476351	0.7665315	0.8003665	0.9590647	0.8990836	0.76943046	0.91436976	0.87501466	0.51049274	0.86282104	0.72957635	0.8611952	0.86104167	0.795174	0.82190907	0.69462603	0.8885776	0.6217723	0.82045937	0.9120826	0.8698059	0.9331799	0.8761598	0.86601144	0.8858395	0.87132424	0.600144	0.864731	0.7106048	0.8550946	0.73624194	0.8617618	0.888071	0.8969466	0.81471705	0.7681985	0.88452387	0.6041188	0.91801107	0.9004905	0.946421	0.82434916	0.8058465	0.7648837	0.8662594	0.9384782	0.792312	0.7264657	0.9048928	0.54990685	0.6977709	0.77493966	0.84339255	0.86479557	0.855554	0.82937765	0.9188797	0.83586437	0.7381028	0.84603477	0.9478907	0.8578464	0.7963323	0.67219913	0.7883468	0.82843053	0.8737724	0.5381236	0.8487175	0.85856855	0.5516003	0.851831	0.86059004	0.8500911	0.572158	0.7652968	0.86697423	0.5649371	0.855686	0.7830512	0.86501515	0.8976534	0.7140799	0.7404195	0.81268394	0.8841652	0.848297	0.92051756	0.9318541	0.7759313	0.93155307	0.8959818	0.837596	0.79059017	0.7383893	0.7399418	0.846537	0.89865977	0.9418612	0.780395	0.8375848	0.8286915	0.9485938	0.6850563	0.93400425	0.4909231	0.81518435	0.765422	0.87050474	0.64737034	0.7940033	0.46494263	0.8837303	0.49137837	0.9096264	0.86135334	0.8334085	0.77191865	0.75616026	0.7961824	0.90617657	0.86583036	0.86538005	0.85469323	0.9271177	0.7687036	0.53883207	0.90851253	0.7551697	0.9287914	0.8436305	0.69603294	0.7397826	0.9468354	0.7697912	0.9732192	0.88315654	0.669718	0.8926008	0.7263118	0.8108051	0.6980047	0.8154372	0.9200796	0.7194818	0.8388253	0.68316275	0.78888977	0.906148	0.7742189	0.826965	0.921684	0.8735986	0.6727459	0.9431773	0.5719258	0.75006855	0.77478063	0.7410971	0.96646374	0.91150147	0.9077571
hoe/adj	0.7774246	0.8527735	0.7886692	0.72390497	0.67646986	0.0	0.78912425	0.59075403	0.7559414	0.7476548	0.74084044	0.64831066	0.5622754	0.86297494	0.9123312	0.8103668	0.83007276	0.91246533	0.8693374	0.77703595	0.75674367	0.72689855	0.9371873	0.82253915	0.82132614	0.7025949	0.8044644	0.86919755	0.79031193	0.91415834	0.7484059	0.7611822	0.77998143	0.80419254	0.93181586	0.28880453	0.81880486	0.6256905	0.88945746	0.92563766	0.71270216	0.94291174	0.93213826	0.59091336	0.72565687	0.6906452	0.8691995	0.8735909	0.8837109	0.915884	0.83847195	0.7837554	0.93601334	0.76200014	0.5000162	0.7048539	0.5247883	0.9379697	0.87552005	0.7442621	0.80645746	0.69962645	0.82102156	0.74192715	0.7381581	0.9509927	0.7664703	0.8806251	0.9443592	0.82585996	0.7533408	0.76581866	0.7496437	0.9427692	0.6351334	0.79543555	0.7221313	0.85489416	0.9304118	0.94203144	0.8855091	0.7946675	0.6996273	0.77087337	0.83886504	0.92288303	0.9114214	0.90007126	0.8903044	0.51188564	0.8658129	0.97050554	0.9296351	0.6112308	0.8915446	0.5697417	0.7269727	0.8954092	0.8252623	0.8165846	0.8653433	0.967512	0.9559847	0.9307173	0.5529133	0.97357327	0.907593	0.94408894	0.8818204	0.63375235	0.76992697	0.7182261	0.9663454	0.7107655	0.8626218	0.7724426	0.6063312	0.68955886	0.7754059	0.7738789	0.7192265	0.58795166	0.84657484	0.7383739	0.85338247	0.72826356	0.5864274	0.7081444	0.6717666	0.7523991	0.94025743	0.80665034	0.8075274	0.915738	0.8803282	0.80490714	0.9804526	0.9416693	0.89455485	0.87251514	0.8998013	0.64285463	0.78176683	0.8552837	0.92533225	0.9496306	0.9139517	0.7657914	0.9742132	0.7781694	0.9190165	0.6566388	0.67330754	0.8217098	0.8660562	0.64431155	0.6853195	0.6665065	0.7386716	0.75860715	0.8161255	0.9675201	0.8512679	0.86504334	0.8790405	0.7987025	0.6866865	0.69452614	0.89376664	0.8534449	0.90438795	0.60633355	0.6078209	0.84630746	0.83983386	0.8546802	0.67162174	0.9026608	0.75735295	0.9250556	0.9320385	0.96164155	0.92912257	0.7767017	0.8042523	0.72174	0.8002605	0.7681492	0.9014694	0.86248505	0.67336726	0.91873837	0.5668266	0.81008095	0.950553	0.86857355	0.89299893	0.89362556	0.91278595	0.78636944	0.9844783	0.76032054	0.5907587	0.8129019	0.70902514	0.9338672	0.854648	0.96069294
vreemde/noun	0.69486886	0.97915024	0.9627228	0.8352297	0.7042544	0.78912425	0.0	0.72167456	0.9024887	0.9223335	0.7467762	0.8075478	0.7179689	0.884663	0.87380433	0.8608376	0.93902475	0.8260156	0.7802964	0.88695264	0.90846986	0.7045127	0.8942048	0.9797425	0.93424857	0.8459809	0.82805276	0.8967305	0.8323219	0.94945455	0.738299	0.9156333	0.60024714	0.93180966	0.8362292	0.8275051	0.87276405	0.86570686	0.8659553	0.82567185	0.7491096	0.9225029	0.83206934	0.7862455	0.9290756	0.6071085	0.6989808	0.77417934	0.9693735	0.9310064	0.9316659	0.8316712	0.84691715	0.8994272	0.75507617	0.86739296	0.9187533	0.9764646	0.8778174	0.93989044	0.9296739	0.7383288	0.90500903	0.8505563	0.64702237	0.91858023	0.79882693	0.88265634	0.8565044	0.8856081	0.79664785	0.73835707	0.91703975	0.962279	0.7146146	0.83347315	0.71225184	0.6854696	0.7968677	0.9357595	0.94529206	0.89737403	0.8339337	0.82656866	0.67175066	0.9151451	0.9454122	0.83764017	0.8086688	0.6970614	0.8630103	0.9721358	0.8260675	0.8169438	0.98821133	0.9818961	0.80529225	0.8466578	0.95701337	0.82928085	0.9846306	0.7907749	0.90869176	0.81197214	0.8741479	0.8216573	0.8450941	0.90415984	0.79453427	0.6957007	0.7517442	0.7567978	0.94029224	0.72858864	0.9487509	0.94091004	0.7746865	0.8954815	0.7931057	0.745631	0.89512044	0.8308131	0.81652594	0.78378123	0.8438012	0.8707362	0.78701884	0.7585554	0.89730626	0.7731936	0.7262665	0.8820501	0.844381	0.99048096	0.92149466	0.6709094	0.959674	0.80385506	0.8628688	0.91318893	0.737633	0.9209541	0.6617416	0.85230994	0.83340585	0.89034384	0.90264034	0.91367525	0.8695748	0.8569325	0.7285125	0.686292	0.8958477	0.7629167	0.8663365	0.7680311	0.6518316	0.81060517	0.8384056	0.78961295	0.8159207	0.9094634	0.92480946	0.92348266	0.92910844	0.7827516	0.8877401	0.82348156	0.859941	0.6866044	0.8560801	0.90091443	0.69300187	0.7903435	0.9466771	0.9358636	0.7995355	0.8442832	0.97568125	0.8675355	0.9263978	0.9192208	0.8218285	0.7946811	0.77334064	0.65197957	0.9772087	0.8380304	0.797374	0.815368	0.77859306	0.9182812	0.78628534	0.89075416	0.73794335	0.88424176	0.9256902	0.96448576	0.91701037	0.77647334	0.8570888	0.74284756	0.842251	0.7000642	0.58446515	0.88866544	0.90608144	0.9611123
soms/adv	0.7813461	0.84600896	0.7426901	0.51400864	0.53756905	0.59075403	0.72167456	0.0	0.61717445	0.66975635	0.6267469	0.6122785	0.6677343	0.7547641	0.85661477	0.88147587	0.8420234	0.72305375	0.8811492	0.7903011	0.84425765	0.723366	0.89571697	0.791954	0.7550176	0.8114921	0.88106203	0.89107203	0.7584383	0.77383924	0.66886485	0.6161673	0.78809536	0.80872154	0.8815799	0.49251515	0.7088938	0.64529896	0.72380185	0.7832225	0.5827633	0.7941543	0.8716259	0.5848502	0.48313344	0.77284503	0.84049404	0.6147795	0.6895361	0.8989217	0.8587675	0.54072857	0.9208973	0.72782314	0.5070468	0.7344744	0.62525296	0.85215676	0.8040775	0.74565756	0.7404071	0.6632514	0.64017415	0.8520281	0.6465592	0.7770829	0.8593751	0.8788032	0.8716019	0.7296108	0.84500414	0.8187416	0.7524177	0.79792976	0.666052	0.6224482	0.71668303	0.7799401	0.8311881	0.9262426	0.8344086	0.8248439	0.6391622	0.63942933	0.85786635	0.87615097	0.8681905	0.7819091	0.8228676	0.6887914	0.8439338	0.8803521	0.7095823	0.58022696	0.8766202	0.579134	0.5977558	0.8297435	0.7768878	0.63821244	0.8056843	0.91077834	0.9011427	0.9468352	0.72608924	0.91178566	0.80952585	0.84714043	0.72267807	0.5813424	0.7610571	0.6146817	0.88225394	0.49073493	0.8733377	0.7914332	0.6918411	0.7147726	0.7700469	0.78076375	0.6040591	0.7861815	0.8151079	0.56788266	0.87782794	0.7519127	0.6935426	0.76314557	0.59344655	0.70617485	0.738082	0.77144784	0.8229682	0.68431515	0.8040352	0.7477053	0.9087019	0.6892814	0.8522607	0.66449773	0.75876015	0.46707082	0.65334105	0.8674992	0.8759681	0.8235979	0.8444629	0.74860835	0.9548149	0.59745085	0.8093301	0.23007351	0.75802016	0.8319696	0.8636791	0.7170851	0.58421344	0.54722476	0.8340517	0.6073708	0.8063086	0.87084305	0.64358824	0.6407299	0.7794287	0.74270344	0.86449355	0.75753653	0.84258914	0.7512392	0.91870534	0.6258757	0.5653105	0.87504554	0.7606777	0.8300866	0.69127727	0.81357336	0.6461048	0.91613185	0.8824968	0.94502604	0.7185732	0.731395	0.8592081	0.68261075	0.8270613	0.61121905	0.92631674	0.8700357	0.49977142	0.85480857	0.69547	0.6346228	0.8445548	0.8011377	0.8278725	0.87783366	0.8328159	0.6898153	0.7968984	0.5582235	0.6829815	0.6027073	0.5323603	0.869537	0.6841363	0.62180614
ben/verb	0.80729115	0.9062218	0.73075885	0.6078177	0.42426848	0.7559414	0.9024887	0.61717445	0.0	0.5312757	0.8365529	0.8182006	0.7614805	0.8740175	0.9317301	0.8191939	0.8336191	0.7688864	0.8292496	0.8303052	0.866413	0.91664785	0.92248416	0.41365218	0.8008856	0.86347425	0.88731676	0.9153689	0.749534	0.88572764	0.90507793	0.67932934	0.8408087	0.86082333	0.7611451	0.7528217	0.7911589	0.6999427	0.79221237	0.750311	0.7740521	0.9629272	0.885346	0.50337875	0.65327823	0.8097913	0.87866455	0.8400266	0.8282436	0.93526006	0.89206177	0.72934914	0.8337283	0.8656365	0.6843662	0.87426084	0.80196065	0.859734	0.866603	0.79831815	0.7025064	0.9166934	0.86438996	0.7621166	0.8291368	0.9515141	0.89526904	0.8971971	0.84068733	0.7907136	0.84024155	0.8937361	0.7220267	0.78268784	0.7339133	0.85220015	0.812755	0.8522734	0.88020813	0.9047868	0.85887694	0.7965387	0.78356755	0.33727998	0.9150706	0.91630346	0.9742747	0.91389126	0.74403787	0.82286215	0.8881916	0.9644999	0.86061686	0.51243687	0.89762956	0.57193726	0.61382747	0.65943813	0.7467455	0.7951779	0.85412157	0.85287327	0.9165456	0.9331023	0.75956255	0.9191902	0.8939195	0.93689847	0.93762124	0.7004113	0.864619	0.9138481	0.9090045	0.55749416	0.71337366	0.7705467	0.7666727	0.74906874	0.90633327	0.9101331	0.5931485	0.86437804	0.9027028	0.5461614	0.7443891	0.7320324	0.84475005	0.8446689	0.7937875	0.6522684	0.80196106	0.77163994	0.845534	0.8537976	0.82457674	0.7344994	0.8032138	0.9237419	0.85609925	0.81040555	0.69967175	0.7982736	0.699423	0.76552606	0.9018596	0.9032785	0.8147355	0.74033904	0.9474632	0.72195196	0.9338685	0.58276534	0.7379956	0.85092306	0.8909564	0.66090375	0.8693192	0.62895334	0.87001276	0.61060727	0.9035799	0.7001457	0.72483295	0.8074335	0.6561847	0.8920825	0.86498904	0.84995717	0.88424164	0.9029455	0.9545515	0.83274364	0.6505047	0.9257728	0.52944446	0.87770665	0.8384485	0.76166654	0.6851998	0.9293987	0.7768496	0.98366493	0.8397752	0.85439456	0.91412735	0.6971134	0.7513697	0.69671	0.8529382	0.9049352	0.64073086	0.86044	0.7491751	0.80359006	0.7468275	0.6911724	0.7461724	0.9303078	0.8958924	0.741994	0.94206226	0.62076783	0.6825083	0.82105696	0.65000457	0.8193747	0.77115923	0.9397319
zie_uit/verb	0.8845746	0.6430763	0.7980322	0.7446823	0.6300292	0.7476548	0.9223335	0.66975635	0.5312757	0.0	0.97946143	0.8117074	0.8899518	0.9272716	0.9103984	0.8167483	0.90856415	0.82211554	0.9324131	0.8150433	0.9841711	0.9426129	0.97219396	0.57605386	0.76339984	0.9605905	0.93375933	0.9346249	0.9812872	0.97536093	0.95217156	0.81246835	0.93200684	0.79532564	0.88106835	0.8182479	0.76267934	0.81216025	0.8862105	0.9527401	0.8868592	0.95767707	0.8685465	0.5519173	0.9438507	0.8172692	0.7751995	0.9209128	0.89778066	0.95184356	0.9718852	0.6751037	0.9963097	0.7112875	0.5467092	0.9152237	0.8466935	0.87262374	0.97297394	0.95646876	0.9079739	0.90291613	0.930704	0.8579893	0.94622755	0.96596795	0.9510587	0.9090824	0.9554263	0.75080365	0.8364785	0.9729465	0.9288388	0.9414084	0.84312403	0.89393353	0.88571054	0.86662483	0.9262044	0.9393376	0.83186996	0.9402424	0.70850813	0.48736018	0.9952542	0.99531025	0.8858044	0.8450391	0.9764567	0.7505604	0.836395	0.9424685	0.91248155	0.7192772	0.94516385	0.5385835	0.7452558	0.8260216	0.72822535	0.90965277	0.92510617	0.9342348	0.998371	0.9833757	0.6548344	0.94164115	0.94984984	0.95040196	0.88926816	0.7635135	0.98431313	0.8272779	0.88929975	0.7256527	0.9959276	0.8684394	0.7418209	0.9018751	0.9774925	0.8942049	0.6202667	0.82641155	0.9117842	0.56322455	0.9401574	0.6756097	0.9040568	0.7919346	0.81057423	0.8051959	0.9057333	0.9124228	0.8499013	0.81336236	0.9040523	0.850835	0.8924442	0.89505124	0.9840598	0.9348778	0.82041717	0.72308123	0.9576527	0.98770046	0.98488	0.99765784	0.90336275	0.8834576	0.9622281	0.91411227	0.95181113	0.6977739	0.92749816	0.71964663	0.7448495	0.7834643	0.896566	0.5125667	0.9370854	0.7344782	1.0	0.9955199	0.81857395	0.9803479	0.91810054	0.95500904	0.9249321	0.9275957	0.8985681	0.9612445	0.8739046	0.8422345	0.8348469	0.99396914	0.7316915	0.98444086	0.897789	0.83697	0.90450567	0.9782653	0.97486717	0.97878546	0.97731423	0.945261	0.9056511	0.89958376	0.87801784	0.9205989	0.94222194	0.9152776	0.84630823	0.97126335	0.66075397	0.94231844	0.97017896	0.8610276	0.7446839	0.8631375	0.9813871	0.7013149	0.89658403	0.88511175	0.72919273	0.88790345	0.8562292	0.8865411	0.8112199	0.9446897
avontuur/noun	0.44733483	0.9710778	0.826453	0.6512383	0.7077802	0.74084044	0.7467762	0.6267469	0.8365529	0.97946143	0.0	0.8029589	0.75207186	0.83754784	0.894655	0.86257845	0.8497073	0.81459713	0.89402133	0.76535106	0.7773885	0.7697369	0.8384991	0.93971735	0.73467565	0.83869636	0.78619885	0.94933426	0.8880837	0.77178633	0.780808	0.7636973	0.5837921	0.8742484	0.85007036	0.76481223	0.939009	0.4921916	0.83606315	0.84744394	0.68274325	0.84913915	0.86359626	0.8472995	0.69708097	0.59110916	0.68426466	0.7052375	0.89991003	0.8522781	0.885886	0.7775828	0.96910495	0.9071284	0.7095487	0.7161002	0.81405914	0.8926437	0.79127765	0.9162072	0.8414819	0.83272076	0.72378516	0.8769307	0.6052493	0.84664214	0.8721138	0.8501656	0.79320085	0.85708594	0.92950433	0.3866371	0.64833844	0.8739737	0.7896625	0.7237803	0.76245403	0.65138483	0.7226069	0.80621994	0.8559976	0.6430756	0.85406697	0.84780353	0.74298424	0.88496405	0.9513952	0.75357646	0.8911025	0.72732544	0.84373116	0.91959083	0.7190828	0.8081809	0.89856684	0.90682703	0.79997003	0.855431	0.9675149	0.846315	0.8058209	0.75087523	0.8693386	0.9573478	0.9161666	0.7161522	0.9459292	0.92705446	0.57474816	0.7724242	0.8412631	0.57861125	0.8205283	0.7921892	0.7805338	0.7810065	0.81686884	0.7569171	0.40800297	0.782128	0.9359144	0.81139964	0.8361049	0.8014996	0.7646909	0.9304799	0.63798654	0.71086323	0.79030526	0.81873506	0.6900197	0.81355035	0.7911036	0.7603468	0.92960674	0.82782876	0.92030424	0.8262616	0.84399045	0.77862406	0.78699243	0.7354524	0.67501044	0.90693396	0.67198205	0.8671422	0.8494654	0.9321392	0.9191671	0.7744929	0.6742815	0.6953456	0.8710656	0.79515433	0.90766126	0.7309166	0.7952498	0.82892334	0.90938807	0.8445242	0.77767414	0.87486035	0.7344768	0.72082525	0.9521449	0.83053064	0.9019165	0.73055494	0.83086985	0.6796135	0.87300324	0.81608844	0.8397002	0.8749692	0.9020888	0.78139484	0.5781003	0.8397612	0.79805726	0.97113883	0.90456194	0.9259208	0.7021555	0.8021212	0.82759494	0.677153	0.8405449	0.7072988	0.7742593	0.8915591	0.7808872	0.7971576	0.8665703	0.79877555	0.8391937	0.8753339	0.89702636	0.8598798	0.84072524	0.7881413	0.7514143	0.7353323	0.7882064	0.53077734	0.73861873	0.91638494	0.8733113	0.7921343
behoorlijk/adj	0.8608814	0.75916815	0.70822823	0.7564501	0.7249084	0.64831066	0.8075478	0.6122785	0.8182006	0.8117074	0.8029589	0.0	0.65824836	0.73135644	0.728791	0.8533149	0.7469108	0.7598565	0.75605553	0.7128447	0.8829213	0.5632076	0.9000326	0.92085654	0.84594405	0.70172155	0.8846015	0.92110914	0.8537928	0.86907744	0.7369968	0.6424725	0.8237144	0.73392504	0.8498611	0.5873439	0.4790222	0.85402495	0.8464295	0.87908405	0.5995703	0.94517934	0.8101435	0.74577975	0.6946988	0.6975138	0.873082	0.7747189	0.6756482	0.8132161	0.84231794	0.61158097	0.9311068	0.87772626	0.44804525	0.898947	0.5901602	0.83022815	0.93096685	0.90708673	0.7838527	0.7247018	0.6758741	0.78815085	0.75845397	0.73779964	0.95765805	0.77047265	0.8774716	0.80909145	0.687294	0.833971	0.8861377	0.7769686	0.6577372	0.83750206	0.80397904	0.6407814	0.86613226	0.86225265	0.78485775	0.6274786	0.7815535	0.77167046	0.81935465	0.92941916	0.8738297	0.64225286	0.9158231	0.5697442	0.8608313	0.80112296	0.8731799	0.6938641	0.9094755	0.6203058	0.6673902	0.8482276	0.8052901	0.8115689	0.80325305	0.9589629	0.8820571	0.9337768	0.8198011	0.9634199	0.9323704	0.6998769	0.863296	0.59009784	0.8950706	0.90675753	0.8687511	0.5478301	0.9241659	0.7864414	0.70835453	0.66117615	0.85244316	0.8628805	0.674481	0.76725364	0.76674575	0.7042955	0.65895295	0.68948764	0.82546365	0.8897513	0.78301084	0.654477	0.7679529	0.7530719	0.8614101	0.7612976	0.7960257	0.7796109	0.9380763	0.8213445	0.9016165	0.9174551	0.7258065	0.5497117	0.7070124	0.7903325	0.91948485	0.7484526	0.9187871	0.6521168	0.9282457	0.80854833	0.8432077	0.66643333	0.8162997	0.9021338	0.9108927	0.75482976	0.78434706	0.64331406	0.9355626	0.69103247	0.9102558	0.92332876	0.8501566	0.8001824	0.6734182	0.7916129	0.92715937	0.8343329	0.70710814	0.88704336	0.71770954	0.66178596	0.57639563	0.9335517	0.7774148	0.84751034	0.91792816	0.965308	0.7968947	0.911131	0.7660297	0.9177392	0.8517557	0.70733565	0.85729146	0.72718537	0.81969243	0.74506474	0.8650486	0.8984331	0.5773922	0.7778243	0.50219184	0.8149813	0.8127004	0.84411687	0.63444734	0.8510519	0.86097085	0.74013186	0.93179554	0.67332107	0.7721753	0.691525	0.5894799	0.72587967	0.8101124	0.82649297
omgeving/noun	0.83088017	0.97228074	0.773317	0.67163205	0.65744895	0.5622754	0.7179689	0.6677343	0.7614805	0.8899518	0.75207186	0.65824836	0.0	0.8780482	0.7608503	0.84328014	0.85871106	0.8830838	0.9538787	0.81815535	0.7988093	0.72253627	0.9062608	0.9365885	0.6357491	0.7029059	0.85713744	0.85555524	0.9046003	0.95728683	0.78411096	0.78858024	0.80737513	0.86840117	0.85481477	0.6317128	0.75651675	0.7179072	0.8897334	0.7918801	0.8004789	0.92919576	0.947928	0.69329774	0.6739149	0.8758958	0.9060243	0.6815486	0.7852889	0.9240977	0.826578	0.8368048	0.895664	0.94912267	0.6465269	0.7721309	0.76400834	0.900905	0.8450017	0.89179647	0.8545975	0.8736418	0.79382753	0.8639139	0.7581945	0.92210215	0.6893697	0.9085614	0.95735294	0.8992017	0.8456213	0.86538774	0.7819688	0.88707614	0.5721253	0.8120582	0.6003455	0.89029145	0.72468567	0.886537	0.84657985	0.90572035	0.75415355	0.8989372	0.70126915	0.981964	0.8902986	0.95373046	0.9071594	0.65300053	0.93221974	0.9809464	0.8950014	0.66896486	0.89949185	0.6749624	0.6452868	0.9218465	0.91470647	0.87296945	0.83012974	0.9685303	0.7786939	0.7032345	0.7870233	0.9840492	0.82449627	0.9495952	0.76808894	0.6526719	0.8858956	0.7641672	0.9632575	0.8335443	0.89073086	0.8133308	0.8315167	0.6189078	0.82143927	0.7999264	0.82414997	0.7728159	0.6758269	0.84555167	0.7855103	0.70102304	0.7095765	0.79482406	0.8807832	0.7399453	0.85304236	0.91212696	0.87450814	0.8116214	0.8415452	0.7364954	0.9384963	0.7970844	0.7855311	0.7469647	0.7795744	0.7821168	0.79049194	0.83235914	0.910153	0.9555448	0.9152949	0.784676	0.82673043	0.7378745	0.9347197	0.6165829	0.81939995	0.9344311	0.79833555	0.46850395	0.76906234	0.8500001	0.8441076	0.6897232	0.85179317	0.92507774	0.77137005	0.7493133	0.86177826	0.769233	0.77118737	0.7492049	0.8614845	0.7234414	0.9281484	0.80937487	0.58217776	0.7164751	0.8541517	0.92186594	0.7264773	0.8879539	0.7153096	0.8516916	0.9547928	0.842573	0.9625866	0.7846062	0.8130132	0.6410018	0.80171776	0.68855304	0.8822183	0.93234444	0.5348847	0.92785364	0.5839831	0.8088757	0.88033456	0.8648529	0.87515724	0.8484076	0.7965667	0.75325155	0.97232604	0.67087257	0.72229016	0.6759815	0.6774013	0.94634396	0.90600383	0.851563
olie_prijs/noun	0.92600036	0.8822242	0.93908364	0.6160929	0.75038946	0.86297494	0.884663	0.7547641	0.8740175	0.9272716	0.83754784	0.73135644	0.8780482	0.0	0.8990324	0.905151	0.534116	0.81655043	0.62189186	0.9799879	0.97510767	0.7385506	0.85015875	0.95303243	0.9128446	0.82517636	0.9928037	0.88254553	0.86443794	0.756855	0.5327736	0.9290588	0.9033577	0.46297497	0.8072058	0.81160307	0.57069135	0.8551393	0.6962725	0.928967	0.7237018	0.94126004	0.8393632	0.81643564	0.71256036	0.9094539	0.9787052	0.8690195	0.85252833	0.9652313	0.7940191	0.8250439	0.9263935	0.91533554	0.8496111	0.92723143	0.9252485	0.66262233	0.7961146	0.9609464	0.9202715	0.81191444	0.7869574	0.941662	0.7850925	0.967066	0.97346854	0.69674385	0.88697994	0.8199699	0.6572422	0.88553566	0.8285448	0.9134404	0.75151837	0.9600813	0.71340334	0.8013407	0.89013094	0.9926356	0.29432607	0.65848076	0.9328735	0.9052226	0.96949536	0.73821414	0.99234134	0.7271639	0.8846481	0.84212184	0.81881565	0.6933171	0.95490646	0.8265958	0.79790485	0.86536753	0.76175046	0.9368557	0.97559	0.7490449	0.86815685	0.9816115	0.97042304	0.9550781	0.94232607	0.8890018	0.9773599	0.3100065	0.9631759	0.90877295	0.8377937	0.9448801	0.96240896	0.7180573	0.9225696	0.80426276	0.8691937	0.80750036	0.90759844	0.94597286	0.878322	0.92692244	0.92187047	0.80275935	0.78273743	0.84405065	0.9282947	0.98020655	0.905934	0.79253733	0.9360187	0.9439089	0.86715174	0.76909596	0.90129894	0.80411714	0.9840099	0.95742124	0.9855148	0.9764179	0.84578955	0.83630776	0.80590284	0.94135684	0.85291374	0.9147602	0.9194096	0.928694	0.9935823	0.6423147	0.99717724	0.76006794	0.8601617	0.93165624	0.9548565	0.74730515	0.7873194	0.8431051	0.95477	0.62263775	0.83406645	0.8759043	0.896392	0.8180648	0.9289289	0.7545409	0.9420287	0.90110457	0.533149	0.9111018	0.35796136	0.58674616	0.7743709	0.91445434	0.82023954	0.7937849	0.77858555	0.85712415	0.8074073	0.9733178	0.8419051	0.9752187	0.8302347	0.7828454	0.7936919	0.6339549	0.8923472	0.7234597	0.83884776	0.89681894	0.80662304	0.75331074	0.89555085	0.8299249	0.9513232	0.9406546	0.94557893	0.8897053	0.9790993	0.8058746	0.9900868	0.6272503	0.92334265	0.8139661	0.779744	0.9087665	0.7981192	0.98959506
positie/noun	0.9336011	0.85999644	0.7116691	0.89891595	0.85490406	0.9123312	0.87380433	0.85661477	0.9317301	0.9103984	0.894655	0.728791	0.7608503	0.8990324	0.0	0.6692501	0.84970033	0.90108794	0.9088564	0.98444384	0.94300854	0.804066	0.7744057	0.92649704	0.9184376	0.7218599	0.9731405	0.78984606	0.8349191	0.8669334	0.8259229	0.7166165	0.7939896	0.93913794	0.8043992	0.8730669	0.8261173	0.8262777	0.8928776	0.9050806	0.80796766	0.94102824	0.9432787	0.9256571	0.8780478	0.93089247	0.90300214	0.91413194	0.507337	0.96578526	0.9240695	0.72152746	0.87281436	0.9628651	0.8018917	0.9493826	0.9126597	0.95564246	0.6551521	0.97635764	0.8643452	0.9100123	0.7551378	0.8580569	0.91183615	0.8991737	0.6691388	0.961277	0.7996403	0.90990615	0.88860583	0.9587194	0.9663205	0.743827	0.41507095	0.9790795	0.49832124	0.89808404	0.7680596	0.982786	0.8967386	0.8842411	0.87730336	0.88408875	0.826796	0.8165399	0.75874114	0.9460274	0.9247253	0.7776271	0.8327485	0.8110819	0.8326702	0.77527773	0.9638908	0.86059546	0.71451914	0.9720619	0.8420573	0.92281336	0.80359524	0.93825823	0.7437308	0.93572503	0.95834017	0.94136465	0.8796289	0.92310697	0.8990999	0.8418267	0.85860366	0.9702342	0.98003423	0.81389767	0.7072369	0.72238106	0.8688736	0.7387421	0.96704644	0.8949403	0.89471334	0.87299275	0.6447336	0.92857534	0.7157481	0.8902438	0.92212635	0.92780554	0.95824987	0.72670794	0.97203636	0.9010155	0.9432351	0.9374441	0.93136644	0.78323686	0.95323086	0.8811865	0.7998264	0.8323098	0.61937	0.8206099	0.8164744	0.85338783	0.9040043	0.7895367	0.93932873	0.77446496	0.88396007	0.8175603	0.90752614	0.881472	0.81428814	0.9553077	0.89636457	0.6125443	0.9373245	0.90238094	0.9033657	0.85293657	0.88539195	0.8363295	0.924379	0.9402946	0.9469973	0.4627282	0.9279231	0.9270822	0.96067005	0.8634335	0.9203895	0.9675238	0.8427029	0.61002254	0.92134595	0.7906838	0.96064484	0.9012383	0.87040985	0.6843784	0.91215825	0.88330567	0.92695093	0.67891216	0.9405043	0.70636356	0.8250938	0.92242	0.6374301	0.77214515	0.65297866	0.77472526	0.71262074	0.98295856	0.9789767	0.9187831	0.68348134	0.95906085	0.6092943	0.8988957	0.9113248	0.7832218	0.8671427	0.93873966	0.9516093	0.86646855	0.90818495	0.9299934
verkeer/verb	0.8522223	0.7573225	0.8897593	0.69515556	0.8931691	0.8103668	0.8608376	0.88147587	0.8191939	0.8167483	0.86257845	0.8533149	0.84328014	0.905151	0.6692501	0.0	0.8204388	0.92249286	0.7766049	0.94387347	0.9380303	0.973971	0.799095	0.8251601	0.9061207	0.7973503	0.8241724	0.44989747	0.8813355	0.90740883	0.84930515	0.8833917	0.67932487	0.92220116	0.902334	0.93900514	0.89746237	0.88485736	0.76224613	0.90608037	0.9479642	0.96698904	0.90328854	0.7305045	0.94881314	0.945489	0.8599942	0.93332744	0.94428605	0.92851424	0.9704567	0.80856407	0.875032	0.8778804	0.8602808	0.9403927	0.9202639	0.90161926	0.58700204	0.9733743	0.64668334	0.84156334	0.7651343	0.7621485	0.879579	0.9451582	0.6225928	0.93599945	0.75556624	0.76421374	0.41718942	0.9612714	0.9274058	0.8944763	0.71056795	0.96269816	0.59481215	0.8376774	0.76783717	0.9913624	0.95304203	0.8682211	0.7061922	0.72632766	0.8795543	0.8066803	0.9648543	0.88915545	0.9401768	0.7661171	0.4205461	0.9229488	0.89167327	0.7211876	0.98625714	0.8557369	0.8408692	0.9290549	0.5287038	0.6428988	0.9024645	0.95575875	0.86741185	0.81897694	0.8190243	0.9195683	0.69926566	0.9364389	0.8890819	0.71783125	0.8787111	0.85858405	0.9643759	0.8013124	0.66649675	0.825024	0.9094808	0.7763485	0.94185257	0.8646052	0.9176853	0.8684475	0.9233625	0.86816573	0.6737373	0.73888266	0.9569037	0.68824255	0.95396715	0.81121737	0.9817377	0.88931316	0.90017635	0.8105827	0.91302973	0.57239604	0.95277363	0.95485836	0.83738786	0.8224501	0.8135355	0.9572878	0.83933836	0.9168042	0.8629178	0.8387939	0.81705534	0.8675786	0.9104796	0.94798565	0.9832976	0.8199866	0.78712654	0.76290953	0.9123459	0.7261667	0.9229547	0.93134534	0.92408293	0.8610172	0.90118223	0.8769434	0.86695707	0.910506	0.89483666	0.7991952	0.9233663	0.9617043	0.9030818	0.9525899	0.97208315	0.9206489	0.74766195	0.63737667	0.90770566	0.69248104	0.952729	0.9154393	0.8584515	0.7312422	0.86131334	0.9074421	0.8772956	0.922012	0.9483188	0.59489095	0.75385404	0.8123301	0.63364506	0.59505415	0.7375214	0.836327	0.791447	0.9469259	0.79354995	0.940685	0.7757135	0.94611484	0.8031653	0.88670886	0.95966727	0.81634986	0.7566714	0.93816656	0.674461	0.7943602	0.7086464	0.948907
prognose/noun	0.92517793	0.78364855	0.8433079	0.4993013	0.7773132	0.83007276	0.93902475	0.8420234	0.8336191	0.90856415	0.8497073	0.7469108	0.85871106	0.534116	0.84970033	0.8204388	0.0	0.89120775	0.70375496	0.84189075	0.9068647	0.8294513	0.8399781	0.94249684	0.8594469	0.8198198	0.9330024	0.93159914	0.77958536	0.8385945	0.8725754	0.79847324	0.8929412	0.35777867	0.8388069	0.7388687	0.59143937	0.78330404	0.85811967	0.8432178	0.74391943	0.9889565	0.91349405	0.79293734	0.72857463	0.91492915	0.89262843	0.85527045	0.8022263	0.84112114	0.53851676	0.8776502	0.93176913	0.9460987	0.84150225	0.88810366	0.84828764	0.45990425	0.87330854	0.93922883	0.9115598	0.80087364	0.5990268	0.9246647	0.87345624	0.9823471	0.9260906	0.5243736	0.83603066	0.8723276	0.73638785	0.9187435	0.758615	0.8802576	0.65696836	0.95112747	0.71348196	0.7959987	0.8230343	0.7342646	0.62593675	0.85029376	0.87170804	0.8608791	0.95716	0.86893755	0.98202837	0.73658895	0.7300782	0.78912836	0.8884292	0.9235401	0.95607406	0.71035963	0.54417324	0.8332094	0.7196663	0.9152182	0.8777937	0.7977053	0.87717664	0.93441224	0.9960266	0.94455004	0.9588153	0.9045494	0.93059903	0.6873808	0.94146013	0.8475991	0.8807178	0.96234566	0.98767257	0.58858603	0.90655774	0.82504123	0.81745154	0.7818863	0.920339	0.88579136	0.8442321	0.8793045	0.9220242	0.6956856	0.59935594	0.8269601	0.9066389	0.97231	0.9110626	0.79026663	0.96340305	0.87323225	0.9226236	0.82656753	0.8615491	0.8337061	0.96351606	0.9623074	0.96709687	0.8943222	0.8639463	0.8685507	0.8428975	0.8724594	0.9294089	0.86748266	0.97337383	0.8025005	0.7980485	0.6651633	0.9871028	0.81978697	0.86410445	0.9154324	0.91230905	0.67558426	0.8840513	0.78879833	0.9657139	0.7682842	0.9018533	0.8946945	0.836469	0.7060561	0.76068884	0.8780732	0.88249636	0.79826456	0.66517794	0.87860817	0.37432337	0.6501576	0.763577	0.8393692	0.62327754	0.8250464	0.8100021	0.86115265	0.68375	0.92067575	0.8124419	0.9291844	0.93078655	0.7173971	0.75961703	0.54673606	0.8636312	0.524775	0.8789484	0.9464599	0.7344859	0.80861324	0.8566612	0.8595674	0.9236493	0.8694789	0.8568785	0.8507674	0.9425258	0.8063124	0.96926385	0.61372685	0.89508	0.8845056	0.74621665	0.87121505	0.80006266	0.9780913
