	kort/adj	ik/pron	oog/noun	variant/noun	zwart/noun	slag/noun	Marat/name	laag_DIM/noun	veeleer/adv	verf/noun	kijker/noun	e/noun	kunststof/noun	lethargie/noun	gelatenheid/noun	poeder/noun	oog_DIM/noun	kleur/noun	blad/noun	voorstelling/noun	het/det	sfeer/noun	koper/noun	klinker/noun	knal/noun	werkelijkheid/noun	oppervlak/noun	ze/pron	poging/noun	gevoel/noun	toon/noun	kreet/noun	o/noun	ritme/noun	enigszins/adv	verdriet/noun	herhaling/noun	schoen/noun	en/vg	signaal/noun	indruk/noun	zucht/noun	teleurstelling/noun	tamelijk/adj	dikwijls/adj	berusting/noun	glans/noun	heerlijk/adj	theater_zaal/noun	razernij/noun	opgenomen/adj	klop/noun	pijn/noun	beton_blok/noun	zo/adv	die/det	haar/noun	bewust/adj	wat/adv	papier/noun	klik/noun	beetje/noun	te/adv	schot/noun	blazoen/noun	explosie/noun	leegte/noun	Ahmet/name	trom/noun	punt/noun	miserie/noun	verkeer_ellende/noun	streep/noun	dreun/noun	geluid/noun	klank/noun	klap/noun	schoot/noun	ellende/noun	zang_stem/noun	huid/noun	lijden/noun	blik/noun
kort/adj	0.0	0.90303123	0.90521693	0.85980594	0.8655284	0.93358976	0.9466113	0.87729365	0.8606057	0.89299375	0.8970405	0.9146138	0.8741553	0.9502256	0.9094973	0.8978049	0.90675545	0.84124017	0.8578038	0.83034647	0.8735657	0.90706205	0.91034085	0.9047997	0.8767282	0.8935665	0.8921835	0.86931455	0.91517395	0.93242884	0.84075105	0.8514682	0.9190328	0.8530115	0.8732639	0.88096154	0.87487316	0.8719107	0.81952643	0.9221341	0.9114712	0.90560764	0.8949992	0.8161603	0.8455719	0.92547303	0.8959198	0.85357714	0.9049101	0.91789824	0.81048846	0.93915	0.9076465	0.93482494	0.86687195	0.8073813	0.82843596	0.8871673	0.8655167	0.8959829	0.9387264	0.9111653	0.87127614	0.91124153	0.92742765	0.86849487	0.89524853	0.9337886	0.9169645	0.9542771	0.92033726	0.91408575	0.8606224	0.9229833	0.8747489	0.87675124	0.90847147	0.89403623	0.8936726	0.92149925	0.87327063	0.9075967	0.8998493
ik/pron	0.90303123	0.0	0.8294998	0.91195166	0.8773222	0.92551214	0.90461797	0.9081932	0.80515975	0.90138197	0.7436377	0.9266041	0.91932446	0.90212303	0.8518446	0.8847926	0.85516965	0.8945913	0.88815224	0.89691544	0.8928155	0.83263195	0.8614775	0.9135451	0.8493919	0.85113025	0.90768373	0.32746673	0.9222919	0.75374687	0.84239554	0.8269128	0.88101757	0.80936044	0.76887923	0.7712084	0.8804756	0.81887853	0.812845	0.888948	0.85562724	0.82395005	0.79966956	0.8210202	0.6963316	0.8363778	0.87331986	0.75125617	0.9279519	0.88115835	0.9222309	0.85529304	0.72704536	0.94041103	0.6030623	0.6989548	0.85278827	0.8349586	0.669086	0.8822438	0.86949384	0.55833524	0.7595879	0.9049319	0.9264183	0.9131789	0.81070375	0.8564426	0.91102976	0.9225105	0.790013	0.9190472	0.8789084	0.8705126	0.83491963	0.8564263	0.9037746	0.87074137	0.784106	0.8887546	0.8736538	0.8305517	0.7992016
oog/noun	0.90521693	0.8294998	0.0	0.85156775	0.76502645	0.95102686	0.92922837	0.78902006	0.8019201	0.75367993	0.8169555	0.93526196	0.8505376	0.9218951	0.86619866	0.8312079	0.67375004	0.7431239	0.8416853	0.8913454	0.88114893	0.87089133	0.9173121	0.82795715	0.8336445	0.8154466	0.7582189	0.75593174	0.9126943	0.82313025	0.79664856	0.77416086	0.88942134	0.84355974	0.78606486	0.76940763	0.9026965	0.78772557	0.7338097	0.87967944	0.81382096	0.81691873	0.8485548	0.7939813	0.79346514	0.82198596	0.8332321	0.8375782	0.9042632	0.8325224	0.9042368	0.8908267	0.78571385	0.9053813	0.8063032	0.8371585	0.5981268	0.8701137	0.7649253	0.8521762	0.88496757	0.7695383	0.81843114	0.8805162	0.8985883	0.8736751	0.7927195	0.9150008	0.9323974	0.9389953	0.85559165	0.9423473	0.7772739	0.8695619	0.7875748	0.80459476	0.9015661	0.78729457	0.8207564	0.87872946	0.6190011	0.85017365	0.53118134
variant/noun	0.85980594	0.91195166	0.85156775	0.0	0.77277756	0.9482621	0.9138883	0.77556586	0.67518264	0.7830262	0.83548635	0.83924985	0.77509755	0.8864628	0.90495896	0.78992677	0.88835275	0.6967659	0.75810987	0.76734537	0.80461544	0.78158236	0.8375317	0.8304399	0.8997511	0.766139	0.7872203	0.83945614	0.8561232	0.85427785	0.6898691	0.7610735	0.86575	0.7447151	0.78142786	0.8575913	0.80258834	0.84369123	0.6682321	0.8647219	0.8612398	0.8458942	0.8827702	0.64664984	0.75269806	0.8568052	0.81103146	0.75209296	0.8757169	0.873844	0.7889106	0.91199815	0.9119853	0.9254921	0.74019784	0.79441315	0.81737936	0.8685558	0.7428155	0.8270467	0.88126904	0.8103231	0.7773883	0.92074746	0.88525057	0.84702265	0.8109689	0.9378154	0.8931381	0.93200403	0.89309376	0.91766584	0.8699906	0.8967152	0.7440337	0.6779007	0.9288364	0.87759995	0.8504141	0.85762787	0.77780044	0.84654427	0.7846434
zwart/noun	0.8655284	0.8773222	0.76502645	0.77277756	0.0	0.91157377	0.8953261	0.73186266	0.7679262	0.6824162	0.87973917	0.86514866	0.7468751	0.9221709	0.8990431	0.8131815	0.820603	0.5331241	0.84518397	0.8479818	0.83668417	0.8258902	0.83270794	0.82861775	0.8601123	0.82644874	0.81093043	0.8018989	0.8909935	0.87903124	0.7908435	0.7948451	0.85291535	0.8201937	0.81482375	0.8535199	0.85356396	0.72040224	0.66141415	0.8840471	0.8856558	0.85893315	0.8663588	0.76694715	0.79949063	0.86960304	0.78053516	0.8290656	0.89925	0.8939681	0.86559695	0.8938713	0.8934152	0.9000259	0.8374362	0.81487584	0.66786504	0.8646847	0.79195166	0.7846891	0.88508296	0.8323	0.84039676	0.87742704	0.9043167	0.9011375	0.8204503	0.92484945	0.907192	0.90672296	0.87860465	0.9492575	0.7196102	0.8782505	0.79724646	0.77915	0.9283504	0.84451824	0.8566393	0.8984531	0.71593654	0.9050779	0.77068114
slag/noun	0.93358976	0.92551214	0.95102686	0.9482621	0.91157377	0.0	0.91291094	0.94200397	0.9223448	0.92950964	0.92442596	0.9036655	0.9401014	0.9619914	0.93933916	0.9352321	0.9148508	0.94313896	0.96962416	0.9451737	0.90219903	0.9411482	0.9454163	0.9194721	0.8559521	0.9613118	0.9249858	0.8898729	0.8254044	0.95287097	0.9559906	0.93142366	0.9100283	0.91396207	0.933917	0.9332225	0.9286037	0.9472701	0.8310746	0.93599147	0.91955066	0.9131118	0.89858276	0.92883384	0.88599634	0.9406891	0.91290146	0.93555003	0.9624318	0.9405828	0.93665767	0.8757518	0.8855439	0.8945693	0.93329924	0.91598415	0.9366315	0.9338426	0.9211476	0.9351341	0.949058	0.9394032	0.9326052	0.81944287	0.9374486	0.8868132	0.9387475	0.9427072	0.9277732	0.8232181	0.9102976	0.9532121	0.8573923	0.81290805	0.9532177	0.941116	0.70510733	0.87661356	0.9212924	0.9502176	0.91367453	0.9175121	0.9516835
Marat/name	0.9466113	0.90461797	0.92922837	0.9138883	0.8953261	0.91291094	0.0	0.95838934	0.9120779	0.953511	0.93639255	0.95324683	0.9488257	0.8876685	0.92271215	0.94736636	0.94933325	0.93089104	0.94367254	0.9337152	0.92712396	0.9363959	0.95191395	0.95060897	0.91137815	0.92348945	0.9558186	0.8928093	0.90787697	0.9426437	0.9326991	0.92881626	0.9484088	0.89799476	0.9107535	0.92503726	0.9156124	0.9164725	0.89208424	0.95805395	0.9119735	0.894356	0.8883587	0.9043494	0.8936755	0.9187878	0.8612946	0.92626953	0.95887977	0.9253438	0.9408006	0.87245524	0.91966504	0.9427469	0.9257795	0.923444	0.9213557	0.95011497	0.9047195	0.92884386	0.95576674	0.92050505	0.9098794	0.90928066	0.955055	0.9319459	0.9371542	0.9576292	0.93393373	0.8877641	0.93362945	0.960184	0.8878234	0.9128006	0.9416523	0.9333785	0.93231404	0.9252752	0.9457143	0.928656	0.9277753	0.925354	0.92963684
laag_DIM/noun	0.87729365	0.9081932	0.78902006	0.77556586	0.73186266	0.94200397	0.95838934	0.0	0.81913954	0.5531633	0.89385617	0.8920221	0.61126447	0.9221093	0.923475	0.652197	0.8340653	0.59341514	0.753031	0.8572168	0.8329982	0.86385334	0.8309394	0.72414947	0.8736336	0.8169451	0.5862913	0.7985998	0.9129453	0.8421024	0.82267404	0.838606	0.88996917	0.8112712	0.8142246	0.84744465	0.9016907	0.7012739	0.6311437	0.89824975	0.897996	0.85989976	0.8740244	0.78999007	0.7931738	0.90188915	0.75808316	0.69178367	0.91560036	0.9002993	0.87143266	0.8708399	0.8810915	0.80991566	0.82100374	0.8069628	0.63796407	0.8975255	0.78843564	0.73968613	0.8822887	0.8048055	0.8389003	0.9156256	0.89890206	0.848847	0.76591104	0.9515123	0.9137046	0.9431017	0.84537435	0.93160504	0.73818207	0.8702278	0.7471422	0.74223936	0.9058161	0.85123104	0.8448555	0.8862314	0.57821786	0.8945102	0.73488164
veeleer/adv	0.8606057	0.80515975	0.8019201	0.67518264	0.7679262	0.9223448	0.9120779	0.81913954	0.0	0.7945154	0.77116007	0.84608316	0.81273866	0.8708003	0.82282525	0.8586894	0.86865747	0.69791096	0.7862857	0.71104026	0.76084834	0.68459094	0.80142	0.84597206	0.8764986	0.6669601	0.7903861	0.7727597	0.801119	0.70072347	0.6422847	0.70821667	0.8369602	0.7248057	0.64274836	0.7550234	0.75214726	0.8485539	0.57840806	0.78939396	0.76632845	0.74970126	0.7537621	0.52807444	0.59509814	0.7640101	0.7713777	0.75352657	0.85057217	0.8121619	0.7808799	0.9108985	0.834895	0.90408677	0.7133845	0.63199055	0.838135	0.70435864	0.64289653	0.8375877	0.84549785	0.70043063	0.6979149	0.904536	0.8818197	0.81911844	0.70798635	0.9183857	0.8956349	0.91458094	0.83327603	0.9259478	0.86957574	0.85811204	0.7208709	0.6526268	0.9037247	0.83512807	0.7677806	0.86375093	0.8031051	0.7623532	0.7160799
verf/noun	0.89299375	0.90138197	0.75367993	0.7830262	0.6824162	0.92950964	0.953511	0.5531633	0.7945154	0.0	0.8783848	0.87907714	0.599496	0.93237156	0.9203659	0.6526278	0.8228107	0.52952415	0.7428602	0.82803106	0.8018418	0.8586179	0.77515924	0.72033465	0.80848134	0.81160676	0.62330174	0.7856478	0.9164967	0.88067794	0.82513714	0.8012535	0.8683317	0.7905525	0.8160913	0.86020434	0.8740111	0.6646182	0.6342399	0.901982	0.8868212	0.85687053	0.87904716	0.7768751	0.7632108	0.89807254	0.7517034	0.7495676	0.8800784	0.8878574	0.8466091	0.8987326	0.8855012	0.78100556	0.8293531	0.77769864	0.62626344	0.8522761	0.8042141	0.6309427	0.8760851	0.8437835	0.8255443	0.8903168	0.89548856	0.8080456	0.78962123	0.9249893	0.90564734	0.9280245	0.8564368	0.914338	0.6774738	0.86494726	0.74347156	0.735824	0.8810951	0.81734824	0.8500893	0.90142566	0.58170044	0.8808913	0.7190809
kijker/noun	0.8970405	0.7436377	0.8169555	0.83548635	0.87973917	0.92442596	0.93639255	0.89385617	0.77116007	0.8783848	0.0	0.8982835	0.9100914	0.8814752	0.88192856	0.8851205	0.86228144	0.85262144	0.8325208	0.773317	0.8566273	0.8445899	0.750129	0.92192733	0.8910837	0.80278987	0.8754477	0.7147962	0.8940135	0.7959012	0.7986183	0.8012661	0.89787555	0.8089738	0.76898575	0.8325961	0.7627678	0.9041213	0.80771255	0.8497113	0.8465249	0.81730866	0.8397567	0.79314035	0.7537486	0.8675826	0.85787934	0.834504	0.88086545	0.8884215	0.8058396	0.9128753	0.86881006	0.9428102	0.76838195	0.77050745	0.89002204	0.81613433	0.78802955	0.89415216	0.8939181	0.79040116	0.8374758	0.8972054	0.92599595	0.8916703	0.8363133	0.92850196	0.92357594	0.88409555	0.8677573	0.9262434	0.87914383	0.8564622	0.7857499	0.80490494	0.9173432	0.8696891	0.843938	0.91105884	0.86369723	0.8803553	0.7694227
e/noun	0.9146138	0.9266041	0.93526196	0.83924985	0.86514866	0.9036655	0.95324683	0.8920221	0.84608316	0.87907714	0.8982835	0.0	0.8823539	0.9576409	0.94532216	0.898101	0.9175485	0.8414198	0.88308865	0.84128433	0.86689854	0.89673126	0.8542553	0.81639236	0.91124487	0.91499454	0.894733	0.88016087	0.92606485	0.92676556	0.8632746	0.8537138	0.75078857	0.8499895	0.86815023	0.90400213	0.8990071	0.8849654	0.8046652	0.9361181	0.93012923	0.88882506	0.9100052	0.85588276	0.84326404	0.9332223	0.88407063	0.8550662	0.9108394	0.93032116	0.83957624	0.9339223	0.93498135	0.9152279	0.88831025	0.8571454	0.90796924	0.92274356	0.90024894	0.88755316	0.8733915	0.9044397	0.90592504	0.91489303	0.96003103	0.88905245	0.9190926	0.93803436	0.95541745	0.91857284	0.9174128	0.9162599	0.8850745	0.9170084	0.8559559	0.7958644	0.93952405	0.89808965	0.9112875	0.9638521	0.9004205	0.9249867	0.8694912
kunststof/noun	0.8741553	0.91932446	0.8505376	0.77509755	0.7468751	0.9401014	0.9488257	0.61126447	0.81273866	0.599496	0.9100914	0.8823539	0.0	0.9331338	0.9160311	0.72909504	0.8578584	0.63608193	0.805832	0.870348	0.83451205	0.86271507	0.7740934	0.7373254	0.8775294	0.8645919	0.6524111	0.8283617	0.9394676	0.9142909	0.8686223	0.8652065	0.9106356	0.81549597	0.84604675	0.8857186	0.9094061	0.7171405	0.6678735	0.905532	0.9271626	0.90026057	0.9041436	0.7924135	0.8227192	0.8838834	0.82688963	0.80539095	0.87903047	0.920878	0.8646101	0.89088815	0.90833884	0.79300606	0.8361918	0.7945649	0.7382677	0.8823947	0.8000362	0.68797237	0.88052297	0.86581457	0.8377858	0.9109136	0.9378844	0.86909217	0.8527498	0.9493881	0.91109514	0.9421764	0.90723	0.94010895	0.81132656	0.8732594	0.7564864	0.7770502	0.9046456	0.84715635	0.8897082	0.91779727	0.64099145	0.9055846	0.8078546
lethargie/noun	0.9502256	0.90212303	0.9218951	0.8864628	0.9221709	0.9619914	0.8876685	0.9221093	0.8708003	0.93237156	0.8814752	0.9576409	0.9331338	0.0	0.846838	0.915376	0.9453346	0.90658545	0.9377476	0.89485437	0.91759056	0.8542768	0.94392616	0.9180771	0.8914982	0.880941	0.9241813	0.8745086	0.9022851	0.83506703	0.86796665	0.86592954	0.92983073	0.83718896	0.8853412	0.8354548	0.86819816	0.93835247	0.8689472	0.91831005	0.8579399	0.88597906	0.82547736	0.8949844	0.87372494	0.8612177	0.9112158	0.8869443	0.9273031	0.8624086	0.9131936	0.9231125	0.8626167	0.9276084	0.9072814	0.85049915	0.93725044	0.91128474	0.9071458	0.948967	0.94394004	0.9102826	0.92980516	0.93325925	0.9484934	0.913105	0.84107316	0.963243	0.9555866	0.93994653	0.83232766	0.90888554	0.9286692	0.8875982	0.87118447	0.837469	0.89990884	0.9321607	0.8261261	0.9272971	0.9351585	0.8681041	0.906596
gelatenheid/noun	0.9094973	0.8518446	0.86619866	0.90495896	0.8990431	0.93933916	0.92271215	0.923475	0.82282525	0.9203659	0.88192856	0.94532216	0.9160311	0.846838	0.0	0.9075388	0.9063616	0.873957	0.90702945	0.8978903	0.8904971	0.7600687	0.9381821	0.9256113	0.9066018	0.8682542	0.9303299	0.8571882	0.911601	0.7383254	0.80550396	0.8570246	0.93728775	0.8438004	0.8508676	0.73481494	0.8702284	0.9441994	0.83564943	0.8768797	0.8715627	0.83917177	0.7046264	0.8610234	0.8296083	0.6617569	0.87031555	0.8806476	0.9252218	0.83020806	0.92277825	0.9190003	0.82084733	0.93492246	0.8658321	0.8164918	0.9243575	0.9060439	0.89114547	0.9439991	0.9298991	0.8837562	0.89892995	0.92618394	0.94804883	0.8856547	0.82040584	0.93735653	0.9228104	0.93405104	0.8530247	0.9419707	0.9217847	0.91996396	0.8633459	0.8552703	0.9200667	0.91259533	0.806234	0.9194937	0.912922	0.8432202	0.84042156
poeder/noun	0.8978049	0.8847926	0.8312079	0.78992677	0.8131815	0.9352321	0.94736636	0.652197	0.8586894	0.6526278	0.8851205	0.898101	0.72909504	0.915376	0.9075388	0.0	0.8467836	0.7425344	0.7955089	0.9030631	0.84571224	0.880121	0.8163185	0.83193195	0.8143379	0.89139473	0.6991931	0.7574317	0.9093458	0.88948756	0.86786485	0.8502364	0.9010013	0.8655113	0.85494983	0.86958706	0.90838	0.76392543	0.70083994	0.8739128	0.9302703	0.87176967	0.88296586	0.8201054	0.83255905	0.90154773	0.8440529	0.74367404	0.8969368	0.8987157	0.8918306	0.88176894	0.8845919	0.8577418	0.8474442	0.80705196	0.71068037	0.88668925	0.8430121	0.6979945	0.8752631	0.8412243	0.8447277	0.8819317	0.90340894	0.8038324	0.8421767	0.9369436	0.94754624	0.9386688	0.8753144	0.8944645	0.8317992	0.88375854	0.7961788	0.8039807	0.9001635	0.83116525	0.8813367	0.9354515	0.6838216	0.9018685	0.78805625
oog_DIM/noun	0.90675545	0.85516965	0.67375004	0.88835275	0.820603	0.9148508	0.94933325	0.8340653	0.86865747	0.8228107	0.86228144	0.9175485	0.8578584	0.9453346	0.9063616	0.8467836	0.0	0.8266338	0.88817394	0.908338	0.8900638	0.8858029	0.8851965	0.88383406	0.8698653	0.9057158	0.8553741	0.770632	0.9091718	0.9034949	0.8699369	0.87735015	0.9102671	0.8746684	0.8587604	0.89283687	0.90219724	0.8458466	0.75630635	0.91029525	0.90994394	0.8682467	0.9159798	0.88112116	0.84465635	0.9174162	0.852645	0.83783674	0.90856594	0.8995295	0.9036219	0.91818273	0.88687986	0.91814196	0.8611709	0.87710243	0.75308955	0.8997805	0.83184075	0.8793302	0.89846736	0.83764935	0.8791742	0.90697926	0.91133696	0.8831406	0.86783975	0.9129087	0.92552555	0.9428365	0.8898999	0.9654348	0.8654721	0.9030683	0.85680777	0.86159	0.9049899	0.8246627	0.9122288	0.935456	0.76326084	0.9116999	0.7506577
kleur/noun	0.84124017	0.8945913	0.7431239	0.6967659	0.5331241	0.94313896	0.93089104	0.59341514	0.69791096	0.52952415	0.85262144	0.8414198	0.63608193	0.90658545	0.873957	0.7425344	0.8266338	0.0	0.73050505	0.73762655	0.8009964	0.68997127	0.8130313	0.74068093	0.85257125	0.7522343	0.6432017	0.81428254	0.9410828	0.78593695	0.652348	0.7631715	0.82848173	0.654004	0.7729732	0.8418356	0.84480596	0.67031276	0.58277917	0.8656829	0.84497714	0.8344702	0.8749243	0.71216345	0.7622342	0.83715993	0.65965104	0.6684175	0.8710953	0.89502776	0.81629604	0.9189716	0.8925421	0.8850218	0.7809366	0.7535549	0.63378155	0.85623133	0.7325162	0.72506404	0.8472311	0.79413414	0.81532913	0.921167	0.9024258	0.8411902	0.74868906	0.94460636	0.8579997	0.94448215	0.89029104	0.94800144	0.69104797	0.8667351	0.6107068	0.5623297	0.9350182	0.8483938	0.86826503	0.8249761	0.6440114	0.87632996	0.6926694
blad/noun	0.8578038	0.88815224	0.8416853	0.75810987	0.84518397	0.96962416	0.94367254	0.753031	0.7862857	0.7428602	0.8325208	0.88308865	0.805832	0.9377476	0.90702945	0.7955089	0.88817394	0.73050505	0.0	0.837886	0.84186304	0.870241	0.8127619	0.8399778	0.89777493	0.83327675	0.77601266	0.7983309	0.8960818	0.903187	0.7935586	0.8084446	0.8780961	0.8588424	0.8223797	0.88490677	0.87957495	0.7977575	0.733175	0.9243731	0.9121216	0.86479366	0.8839326	0.7898654	0.79303855	0.92490625	0.8469213	0.82432914	0.89541477	0.90112615	0.8185508	0.9249184	0.938565	0.9096654	0.800222	0.80812156	0.7729608	0.8645354	0.8285563	0.738501	0.8674456	0.8632558	0.8665642	0.9228456	0.89363694	0.8984288	0.84983253	0.90219474	0.90246487	0.94362974	0.89877677	0.9391313	0.855628	0.9088119	0.81096274	0.8155736	0.92604953	0.87487024	0.8879933	0.931781	0.7630954	0.91771734	0.80031884
voorstelling/noun	0.83034647	0.89691544	0.8913454	0.76734537	0.8479818	0.9451737	0.9337152	0.8572168	0.71104026	0.82803106	0.773317	0.84128433	0.870348	0.89485437	0.8978903	0.9030631	0.908338	0.73762655	0.837886	0.0	0.80691284	0.6986635	0.88145274	0.8833072	0.9089824	0.7490927	0.85453224	0.8573159	0.8969556	0.806482	0.70064926	0.77801734	0.86472464	0.67898273	0.7933033	0.843074	0.7630099	0.9038638	0.7141896	0.8817552	0.81220937	0.8424871	0.8653701	0.71329874	0.7359583	0.8699753	0.7892313	0.7416118	0.7412603	0.88462603	0.72339654	0.933098	0.9194251	0.93569523	0.7692739	0.8183617	0.89760774	0.82647395	0.78587717	0.86843354	0.9192591	0.8445813	0.85225976	0.9333267	0.94469506	0.8676682	0.7954823	0.9448344	0.89025176	0.94027627	0.88536435	0.9341612	0.9126732	0.8941073	0.72360015	0.64029694	0.9480243	0.9039343	0.87203526	0.86084616	0.865836	0.88129544	0.79883605
het/det	0.8735657	0.8928155	0.88114893	0.80461544	0.83668417	0.90219903	0.92712396	0.8329982	0.76084834	0.8018418	0.8566273	0.86689854	0.83451205	0.91759056	0.8904971	0.84571224	0.8900638	0.8009964	0.84186304	0.80691284	0.0	0.8056024	0.8285047	0.8334658	0.86101305	0.8161068	0.82500255	0.82931364	0.84544605	0.8766167	0.8505077	0.83744144	0.86769503	0.84655166	0.7848844	0.85245323	0.82639	0.8705997	0.7245643	0.8630723	0.9053456	0.8412063	0.85130566	0.7845204	0.7599344	0.86054045	0.82240546	0.819795	0.83213985	0.8794267	0.785384	0.9134629	0.8805884	0.8475022	0.83733696	0.8673604	0.879316	0.8294552	0.83557355	0.848157	0.8449441	0.83995396	0.8679104	0.9066571	0.8714584	0.80210936	0.7929758	0.9071716	0.8880658	0.88930184	0.8321429	0.89350396	0.8534474	0.8611599	0.8233366	0.8159156	0.873572	0.8445625	0.83556795	0.8925184	0.8466662	0.8327136	0.84819096
sfeer/noun	0.90706205	0.83263195	0.87089133	0.78158236	0.8258902	0.9411482	0.9363959	0.86385334	0.68459094	0.8586179	0.8445899	0.89673126	0.86271507	0.8542768	0.7600687	0.880121	0.8858029	0.68997127	0.870241	0.6986635	0.8056024	0.0	0.9115466	0.8754542	0.8890327	0.7785822	0.8415731	0.8326708	0.899199	0.58733547	0.58326447	0.7793591	0.8800134	0.6480142	0.7193254	0.7804872	0.8517721	0.865944	0.69382536	0.86823064	0.7266375	0.80122066	0.79338753	0.69316715	0.7532221	0.78290105	0.78133047	0.6689992	0.8258426	0.8492132	0.82526445	0.914847	0.86621386	0.92947066	0.72589755	0.7755614	0.8921439	0.84924316	0.6934779	0.90799505	0.8972992	0.7578167	0.8262933	0.94687396	0.92175543	0.86515415	0.725502	0.9443325	0.9071826	0.94621843	0.8632454	0.91880494	0.9277853	0.8651165	0.64372647	0.5821583	0.9447244	0.8752285	0.8342947	0.8488388	0.84214664	0.8514203	0.75206065
koper/noun	0.91034085	0.8614775	0.9173121	0.8375317	0.83270794	0.9454163	0.95191395	0.8309394	0.80142	0.77515924	0.750129	0.8542553	0.7740934	0.94392616	0.9381821	0.8163185	0.8851965	0.8130313	0.8127619	0.88145274	0.8285047	0.9115466	0.0	0.8723252	0.91064847	0.8769499	0.8259772	0.7668828	0.891652	0.9085035	0.8893564	0.86375093	0.90576345	0.8891694	0.8401162	0.910209	0.88934714	0.82920444	0.73749226	0.8435009	0.9064246	0.8512312	0.8743081	0.81793004	0.7846687	0.91900283	0.8596712	0.8952485	0.89371914	0.9278053	0.838517	0.92000663	0.93167895	0.8632124	0.83509934	0.7682109	0.8882684	0.8372192	0.83210576	0.7530533	0.8749049	0.8660399	0.83146125	0.93306506	0.9147183	0.8675322	0.8772773	0.93701774	0.9275186	0.91060245	0.8838136	0.9305746	0.87654936	0.9040369	0.82273996	0.8327681	0.9137051	0.88039476	0.89193445	0.91945356	0.8460411	0.8921602	0.83860075
klinker/noun	0.9047997	0.9135451	0.82795715	0.8304399	0.82861775	0.9194721	0.95060897	0.72414947	0.84597206	0.72033465	0.92192733	0.81639236	0.7373254	0.9180771	0.9256113	0.83193195	0.88383406	0.74068093	0.8399778	0.8833072	0.8334658	0.8754542	0.8723252	0.0	0.8595574	0.8648743	0.7499627	0.84933144	0.93524015	0.91005516	0.8557086	0.86119163	0.8283685	0.8131271	0.85821146	0.89623517	0.9005932	0.7976013	0.76749635	0.9089896	0.91154253	0.8617568	0.9037324	0.82733387	0.81204355	0.92830026	0.8603202	0.8182949	0.8732382	0.915648	0.8892105	0.929773	0.90451133	0.75308317	0.8464796	0.8233936	0.7903986	0.9118301	0.82425165	0.79379225	0.8697329	0.867061	0.8358587	0.8935703	0.9195758	0.8763813	0.84959453	0.9450779	0.93333024	0.92171204	0.8796009	0.8916774	0.7539768	0.882745	0.81549037	0.78170884	0.88913786	0.88396466	0.8900271	0.91346145	0.7927682	0.91969013	0.8415362
knal/noun	0.8767282	0.8493919	0.8336445	0.8997511	0.8601123	0.8559521	0.91137815	0.8736336	0.8764986	0.80848134	0.8910837	0.91124487	0.8775294	0.8914982	0.9066018	0.8143379	0.8698653	0.85257125	0.89777493	0.9089824	0.86101305	0.8890327	0.91064847	0.8595574	0.0	0.88661957	0.80462486	0.78980243	0.8027785	0.87416387	0.85331684	0.7658489	0.9011572	0.8268738	0.8407786	0.8601703	0.9115341	0.8440915	0.7642672	0.8916132	0.9052011	0.8267467	0.8578899	0.86495656	0.8187963	0.90061176	0.87758386	0.8138002	0.9005455	0.8549783	0.91769975	0.8660612	0.8202845	0.7992065	0.8368918	0.82897234	0.8296792	0.90044236	0.8309349	0.8860882	0.8519874	0.85095435	0.8504752	0.5216683	0.92582977	0.6011652	0.8173435	0.931666	0.8812466	0.88782066	0.85811865	0.84768784	0.8204601	0.74898326	0.72645974	0.8091651	0.6428101	0.66770315	0.84586024	0.9232577	0.8317865	0.87520576	0.83388615
werkelijkheid/noun	0.8935665	0.85113025	0.8154466	0.766139	0.82644874	0.9613118	0.92348945	0.8169451	0.6669601	0.81160676	0.80278987	0.91499454	0.8645919	0.880941	0.8682542	0.89139473	0.9057158	0.7522343	0.83327675	0.7490927	0.8161068	0.7785822	0.8769499	0.8648743	0.88661957	0.0	0.7609823	0.77770936	0.83316875	0.7519735	0.7731146	0.777759	0.8389541	0.7701959	0.7009038	0.75975907	0.8112689	0.89999574	0.7459097	0.8602197	0.8362509	0.8136184	0.82069147	0.66593957	0.6891158	0.83176947	0.81248647	0.81850713	0.8892628	0.85974586	0.8231627	0.9356221	0.8544979	0.9093713	0.70488906	0.6793237	0.86608016	0.789461	0.78134704	0.83914596	0.8761897	0.79123	0.80738807	0.93942285	0.9296492	0.8413948	0.7062123	0.95876175	0.90731865	0.9263945	0.83466744	0.9246837	0.8782862	0.9132621	0.7494345	0.70671856	0.92552704	0.88720655	0.7358503	0.8928333	0.7994714	0.7825968	0.7546253
oppervlak/noun	0.8921835	0.90768373	0.7582189	0.7872203	0.81093043	0.9249858	0.9558186	0.5862913	0.7903861	0.62330174	0.8754477	0.894733	0.6524111	0.9241813	0.9303299	0.6991931	0.8553741	0.6432017	0.77601266	0.85453224	0.82500255	0.8415731	0.8259772	0.7499627	0.80462486	0.7609823	0.0	0.8080246	0.9136305	0.86195254	0.8230336	0.8300087	0.8850869	0.77252203	0.7802892	0.84642226	0.8735669	0.7827455	0.6859502	0.8488424	0.89820826	0.85825384	0.87890816	0.73715657	0.78250957	0.89819795	0.81053674	0.79586405	0.8627605	0.8875751	0.86528826	0.9031911	0.88068223	0.81837815	0.7737258	0.7627996	0.7129246	0.87922	0.7710361	0.7549665	0.843292	0.83172166	0.80294746	0.8832383	0.91914064	0.796147	0.78374684	0.9510858	0.91281396	0.93039227	0.8577952	0.91115344	0.78027624	0.8558776	0.6900544	0.7088468	0.87305534	0.8578745	0.83779	0.9072548	0.5972653	0.8952135	0.7498577
ze/pron	0.86931455	0.32746673	0.75593174	0.83945614	0.8018989	0.8898729	0.8928093	0.7985998	0.7727597	0.7856478	0.7147962	0.88016087	0.8283617	0.8745086	0.8571882	0.7574317	0.770632	0.81428254	0.7983309	0.8573159	0.82931364	0.8326708	0.7668828	0.84933144	0.78980243	0.77770936	0.8080246	0.0	0.8287905	0.76029974	0.7864579	0.74448293	0.84333783	0.7833694	0.74038243	0.72568166	0.8325989	0.70563483	0.6519939	0.82391644	0.8446736	0.7904958	0.78887653	0.7830094	0.6262277	0.83609396	0.8214373	0.7346952	0.86079353	0.8172512	0.86268103	0.831623	0.7290719	0.8665515	0.6066388	0.6427799	0.73119366	0.77156866	0.6750949	0.74132	0.8172374	0.61182714	0.74115086	0.85243934	0.90961725	0.83874476	0.76729363	0.80682564	0.8769868	0.8964309	0.74549323	0.91073984	0.8402942	0.85394233	0.77248704	0.7963079	0.8342498	0.7684941	0.7365762	0.8873974	0.7392456	0.79511964	0.707515
poging/noun	0.91517395	0.9222919	0.9126943	0.8561232	0.8909935	0.8254044	0.90787697	0.9129453	0.801119	0.9164967	0.8940135	0.92606485	0.9394676	0.9022851	0.911601	0.9093458	0.9091718	0.9410828	0.8960818	0.8969556	0.84544605	0.899199	0.891652	0.93524015	0.8027785	0.83316875	0.9136305	0.8287905	0.0	0.87885976	0.8697538	0.83788925	0.9410224	0.88682556	0.7910597	0.8497864	0.83335006	0.91076845	0.77645665	0.8290399	0.8953975	0.8443183	0.81507105	0.81235176	0.8054832	0.8970926	0.8703263	0.9374242	0.95770323	0.82379204	0.89948684	0.9307971	0.894111	0.90307677	0.86101174	0.8368783	0.935198	0.8463132	0.88270104	0.9185684	0.9258668	0.8915412	0.8909452	0.7452554	0.88523483	0.8401933	0.85776675	0.9170875	0.94495666	0.9021195	0.8860982	0.9240928	0.90305394	0.8792894	0.882254	0.8819185	0.8684879	0.82700527	0.8366723	0.9299488	0.91635245	0.82680136	0.8862385
gevoel/noun	0.93242884	0.75374687	0.82313025	0.85427785	0.87903124	0.95287097	0.9426437	0.8421024	0.70072347	0.88067794	0.7959012	0.92676556	0.9142909	0.83506703	0.7383254	0.88948756	0.9034949	0.78593695	0.903187	0.806482	0.8766167	0.58733547	0.9085035	0.91005516	0.87416387	0.7519735	0.86195254	0.76029974	0.87885976	0.0	0.7022705	0.71201634	0.8408216	0.7475227	0.7331475	0.5337603	0.83593136	0.8954732	0.72504276	0.7975276	0.70722103	0.68113387	0.6239641	0.76833236	0.7343087	0.68448466	0.78128487	0.76866114	0.9133809	0.7771988	0.882865	0.92564076	0.6707446	0.94955677	0.73856974	0.70758915	0.8917566	0.8134591	0.7757249	0.9016267	0.8984811	0.7185552	0.8444654	0.93521124	0.9052342	0.8602183	0.6758615	0.93779147	0.88480306	0.9135988	0.82382536	0.93228394	0.9026036	0.8491087	0.70873356	0.68813884	0.9130859	0.8765692	0.7268834	0.86281884	0.8471904	0.7423179	0.76114726
toon/noun	0.84075105	0.84239554	0.79664856	0.6898691	0.7908435	0.9559906	0.9326991	0.82267404	0.6422847	0.82513714	0.7986183	0.8632746	0.8686223	0.86796665	0.80550396	0.86786485	0.8699369	0.652348	0.7935586	0.70064926	0.8505077	0.58326447	0.8893564	0.8557086	0.85331684	0.7731146	0.8230336	0.7864579	0.8697538	0.7022705	0.0	0.6866895	0.8401023	0.6013882	0.654209	0.78891706	0.7856038	0.8780957	0.6750711	0.8265364	0.7317844	0.7819202	0.80824196	0.5650511	0.75228214	0.74871385	0.77511877	0.6940238	0.89518106	0.83954716	0.7649585	0.9173225	0.8849971	0.93599945	0.67545855	0.78154624	0.8269286	0.841675	0.60346174	0.8714602	0.8736942	0.7158113	0.7275697	0.9148901	0.905725	0.85793644	0.76274157	0.9325207	0.8242455	0.9359077	0.8875845	0.9514468	0.8734221	0.84684837	0.577083	0.5154214	0.91398776	0.8669633	0.85571784	0.80591494	0.8176617	0.8553339	0.642823
kreet/noun	0.8514682	0.8269128	0.77416086	0.7610735	0.7948451	0.93142366	0.92881626	0.838606	0.70821667	0.8012535	0.8012661	0.8537138	0.8652065	0.86592954	0.8570246	0.8502364	0.87735015	0.7631715	0.8084446	0.77801734	0.83744144	0.7793591	0.86375093	0.86119163	0.7658489	0.777759	0.8300087	0.74448293	0.83788925	0.71201634	0.6866895	0.0	0.8362919	0.73787117	0.7455256	0.6958125	0.8080895	0.8417971	0.6901376	0.8032026	0.83231735	0.7200544	0.742219	0.7319504	0.73061657	0.777051	0.8249994	0.7972843	0.8773556	0.75137985	0.8030891	0.8947924	0.79790986	0.90776813	0.7566613	0.7509802	0.8060619	0.83290064	0.7720837	0.8706044	0.8549252	0.763614	0.82447034	0.8631802	0.91540575	0.77980196	0.7198744	0.9239755	0.85276574	0.9392183	0.83499515	0.9448413	0.84796476	0.84258044	0.6633842	0.6562279	0.87509346	0.8080443	0.78040236	0.88217896	0.80704373	0.796211	0.70915693
o/noun	0.9190328	0.88101757	0.88942134	0.86575	0.85291535	0.9100283	0.9484088	0.88996917	0.8369602	0.8683317	0.89787555	0.75078857	0.9106356	0.92983073	0.93728775	0.9010013	0.9102671	0.82848173	0.8780961	0.86472464	0.86769503	0.8800134	0.90576345	0.8283685	0.9011572	0.8389541	0.8850869	0.84333783	0.9410224	0.8408216	0.8401023	0.8362919	0.0	0.8524829	0.8742333	0.8514924	0.8794988	0.8923162	0.80142283	0.92444885	0.9345325	0.87227553	0.8917656	0.8463091	0.83647305	0.86119306	0.86226165	0.8330015	0.915162	0.8807963	0.87078655	0.91017944	0.89564604	0.94100153	0.84129703	0.8348838	0.88181067	0.88696927	0.8794914	0.8951535	0.8857249	0.86941254	0.885671	0.9396346	0.93474543	0.9134471	0.846061	0.9296744	0.9040193	0.9408492	0.88855606	0.95087755	0.89030784	0.90069854	0.8332404	0.77693427	0.92210746	0.8918191	0.8704572	0.9021009	0.8654655	0.86166286	0.8564908
ritme/noun	0.8530115	0.80936044	0.84355974	0.7447151	0.8201937	0.91396207	0.89799476	0.8112712	0.7248057	0.7905525	0.8089738	0.8499895	0.81549597	0.83718896	0.8438004	0.8655113	0.8746684	0.654004	0.8588424	0.67898273	0.84655166	0.6480142	0.8891694	0.8131271	0.8268738	0.7701959	0.77252203	0.7833694	0.88682556	0.7475227	0.6013882	0.73787117	0.8524829	0.0	0.74500155	0.82814586	0.7852302	0.8607292	0.62814075	0.8415039	0.80975354	0.79609394	0.8500329	0.708886	0.74666905	0.8276553	0.7963651	0.6744697	0.8829998	0.85049385	0.7610974	0.8885521	0.85196173	0.90725935	0.75307155	0.7489458	0.8273189	0.8538245	0.68126345	0.8679953	0.8598412	0.75035876	0.7869078	0.86943495	0.94037616	0.8485701	0.78875256	0.9377439	0.80574703	0.91774297	0.87535524	0.9301806	0.84421885	0.8335061	0.56091064	0.4403059	0.91190755	0.85746545	0.84959304	0.7850127	0.808058	0.85489345	0.79471266
enigszins/adv	0.8732639	0.76887923	0.78606486	0.78142786	0.81482375	0.933917	0.9107535	0.8142246	0.64274836	0.8160913	0.76898575	0.86815023	0.84604675	0.8853412	0.8508676	0.85494983	0.8587604	0.7729732	0.8223797	0.7933033	0.7848844	0.7193254	0.8401162	0.85821146	0.8407786	0.7009038	0.7802892	0.74038243	0.7910597	0.7331475	0.654209	0.7455256	0.8742333	0.74500155	0.0	0.75400794	0.80450034	0.85594916	0.7191542	0.82042164	0.75050443	0.77252555	0.7215276	0.5446824	0.6663336	0.7719998	0.7863491	0.7771653	0.88874227	0.8623904	0.82343423	0.8849335	0.7976389	0.9097905	0.66831505	0.6672097	0.8273257	0.7987831	0.47618878	0.8650159	0.87209517	0.47284228	0.7129168	0.8846149	0.90292794	0.83563995	0.76146406	0.9185684	0.9110065	0.848958	0.82387817	0.9054756	0.87376803	0.8279187	0.7078147	0.70207214	0.8592951	0.84275097	0.7763282	0.85689354	0.78373796	0.800483	0.6895976
verdriet/noun	0.88096154	0.7712084	0.76940763	0.8575913	0.8535199	0.9332225	0.92503726	0.84744465	0.7550234	0.86020434	0.8325961	0.90400213	0.8857186	0.8354548	0.73481494	0.86958706	0.89283687	0.8418356	0.88490677	0.843074	0.85245323	0.7804872	0.910209	0.89623517	0.8601703	0.75975907	0.84642226	0.72568166	0.8497864	0.5337603	0.78891706	0.6958125	0.8514924	0.82814586	0.75400794	0.0	0.8246144	0.88566697	0.70654774	0.8716798	0.8388637	0.7151526	0.49573207	0.7961166	0.7021095	0.6232691	0.84507775	0.8040459	0.92218864	0.7003006	0.85986936	0.89828575	0.52416384	0.89590937	0.7939878	0.73156255	0.85947967	0.83784986	0.83250105	0.8897835	0.8865125	0.7683134	0.8502605	0.9270697	0.9030362	0.8032367	0.6388095	0.90157515	0.9194297	0.93252534	0.68410814	0.8841469	0.903428	0.8371568	0.7989507	0.77714854	0.8408831	0.8390776	0.5286242	0.886676	0.8208551	0.6362421	0.799183
herhaling/noun	0.87487316	0.8804756	0.9026965	0.80258834	0.85356396	0.9286037	0.9156124	0.9016907	0.75214726	0.8740111	0.7627678	0.8990071	0.9094061	0.86819816	0.8702284	0.90838	0.90219724	0.84480596	0.87957495	0.7630099	0.82639	0.8517721	0.88934714	0.9005932	0.9115341	0.8112689	0.8735669	0.8325989	0.83335006	0.83593136	0.7856038	0.8080895	0.8794988	0.7852302	0.80450034	0.8246144	0.0	0.92642915	0.8127489	0.8518888	0.8647827	0.8388479	0.8268804	0.77265686	0.743088	0.8423918	0.85446316	0.86936104	0.9180257	0.86279833	0.77516466	0.9251341	0.8791251	0.93790674	0.82190216	0.7397623	0.9274592	0.79663485	0.849395	0.9104748	0.9012921	0.84787	0.8512672	0.92653596	0.9000356	0.8134913	0.8236141	0.91892254	0.9038897	0.93581325	0.8657841	0.8853487	0.9152861	0.8954953	0.80747783	0.7909951	0.92299634	0.8905895	0.80247223	0.925454	0.9016825	0.81956255	0.8598587
schoen/noun	0.8719107	0.81887853	0.78772557	0.84369123	0.72040224	0.9472701	0.9164725	0.7012739	0.8485539	0.6646182	0.9041213	0.8849654	0.7171405	0.93835247	0.9441994	0.76392543	0.8458466	0.67031276	0.7977575	0.9038638	0.8705997	0.865944	0.82920444	0.7976013	0.8440915	0.89999574	0.7827455	0.70563483	0.91076845	0.8954732	0.8780957	0.8417971	0.8923162	0.8607292	0.85594916	0.88566697	0.92642915	0.0	0.6866777	0.93423325	0.9224162	0.88259447	0.8959367	0.8289308	0.8123017	0.91880864	0.8097635	0.7959991	0.8748805	0.92070615	0.90610135	0.9016421	0.8962195	0.8420141	0.8370452	0.80712396	0.58359134	0.90893316	0.7865012	0.7245969	0.86009276	0.8182104	0.8302634	0.8800227	0.9130025	0.8932525	0.8495989	0.9342381	0.90486604	0.91821975	0.880419	0.9468314	0.7413217	0.8735364	0.83085454	0.83053493	0.8998248	0.8018657	0.8922759	0.9397679	0.6804764	0.93640774	0.7713284
en/vg	0.81952643	0.812845	0.7338097	0.6682321	0.66141415	0.8310746	0.89208424	0.6311437	0.57840806	0.6342399	0.80771255	0.8046652	0.6678735	0.8689472	0.83564943	0.70083994	0.75630635	0.58277917	0.733175	0.7141896	0.7245643	0.69382536	0.73749226	0.76749635	0.7642672	0.7459097	0.6859502	0.6519939	0.77645665	0.72504276	0.6750711	0.6901376	0.80142283	0.62814075	0.7191542	0.70654774	0.8127489	0.6866777	0.0	0.787817	0.80380166	0.7118778	0.78600806	0.639742	0.5857686	0.7859504	0.7372111	0.56681216	0.7937632	0.7735018	0.707521	0.846243	0.7564453	0.7905891	0.7344121	0.7086248	0.6701887	0.74891883	0.66099644	0.72282755	0.8042209	0.6940371	0.70759183	0.83679956	0.8516108	0.73377705	0.6901895	0.8452748	0.8140415	0.89910483	0.7786974	0.90939367	0.7653147	0.80648565	0.61579335	0.58845925	0.8092758	0.72220147	0.7274978	0.8336273	0.6349231	0.730486	0.64492023
signaal/noun	0.9221341	0.888948	0.87967944	0.8647219	0.8840471	0.93599147	0.95805395	0.89824975	0.78939396	0.901982	0.8497113	0.9361181	0.905532	0.91831005	0.8768797	0.8739128	0.91029525	0.8656829	0.9243731	0.8817552	0.8630723	0.86823064	0.8435009	0.9089896	0.8916132	0.8602197	0.8488424	0.82391644	0.8290399	0.7975276	0.8265364	0.8032026	0.92444885	0.8415039	0.82042164	0.8716798	0.8518888	0.93423325	0.787817	0.0	0.8102612	0.8695048	0.8383854	0.83788556	0.8034601	0.88194853	0.8881303	0.93967956	0.94989514	0.8994589	0.86150426	0.91332775	0.8922279	0.93502045	0.8355555	0.79730844	0.930111	0.79423964	0.87204427	0.8827845	0.8767809	0.8826902	0.86071813	0.90804094	0.89113474	0.8403381	0.87254107	0.96360254	0.91358477	0.92584103	0.89603895	0.92875886	0.91035175	0.88098997	0.690925	0.80429274	0.8907823	0.9106706	0.8769943	0.9333352	0.88550806	0.8830062	0.8631164
indruk/noun	0.9114712	0.85562724	0.81382096	0.8612398	0.8856558	0.91955066	0.9119735	0.897996	0.76632845	0.8868212	0.8465249	0.93012923	0.9271626	0.8579399	0.8715627	0.9302703	0.90994394	0.84497714	0.9121216	0.81220937	0.9053456	0.7266375	0.9064246	0.91154253	0.9052011	0.8362509	0.89820826	0.8446736	0.8953975	0.70722103	0.7317844	0.83231735	0.9345325	0.80975354	0.75050443	0.8388637	0.8647827	0.9224162	0.80380166	0.8102612	0.0	0.85386	0.81860447	0.71927035	0.7853539	0.85543984	0.8385929	0.8456602	0.9167244	0.9026423	0.8629969	0.9037012	0.87584186	0.936923	0.7414145	0.8461417	0.8939283	0.84868515	0.73013556	0.89284474	0.93215495	0.794191	0.792214	0.92049915	0.8841978	0.9111075	0.81054705	0.94267064	0.9484678	0.92874885	0.89861834	0.9339522	0.91929334	0.85394573	0.7888197	0.77272946	0.90260035	0.89255106	0.8628365	0.87994665	0.87081254	0.8769573	0.7782115
zucht/noun	0.90560764	0.82395005	0.81691873	0.8458942	0.85893315	0.9131118	0.894356	0.85989976	0.74970126	0.85687053	0.81730866	0.88882506	0.90026057	0.88597906	0.83917177	0.87176967	0.8682467	0.8344702	0.86479366	0.8424871	0.8412063	0.80122066	0.8512312	0.8617568	0.8267467	0.8136184	0.85825384	0.7904958	0.8443183	0.68113387	0.7819202	0.7200544	0.87227553	0.79609394	0.77252555	0.7151526	0.8388479	0.88259447	0.7118778	0.8695048	0.85386	0.0	0.712852	0.81323206	0.76482695	0.76699865	0.7807561	0.7810649	0.88705486	0.8352838	0.8662652	0.9028686	0.7823788	0.92306316	0.8308915	0.7711875	0.85347694	0.8678706	0.78790635	0.8849582	0.86575043	0.7750202	0.8384434	0.8789021	0.9328213	0.8399819	0.7655385	0.9336719	0.8548326	0.8744824	0.8350493	0.91063684	0.83426553	0.8338344	0.7628623	0.7570824	0.8904048	0.8064921	0.7612579	0.9151663	0.84020853	0.8279754	0.77202207
teleurstelling/noun	0.8949992	0.79966956	0.8485548	0.8827702	0.8663588	0.89858276	0.8883587	0.8740244	0.7537621	0.87904716	0.8397567	0.9100052	0.9041436	0.82547736	0.7046264	0.88296586	0.9159798	0.8749243	0.8839326	0.8653701	0.85130566	0.79338753	0.8743081	0.9037324	0.8578899	0.82069147	0.87890816	0.78887653	0.81507105	0.6239641	0.80824196	0.742219	0.8917656	0.8500329	0.7215276	0.49573207	0.8268804	0.8959367	0.78600806	0.8383854	0.81860447	0.712852	0.0	0.81448317	0.74771416	0.661512	0.8213178	0.84364784	0.92277145	0.77095807	0.8939916	0.90768844	0.64034915	0.9140392	0.8093434	0.7339902	0.9059545	0.8678442	0.82193553	0.8987932	0.9015955	0.8064923	0.84338236	0.8937133	0.91184956	0.8188604	0.7437403	0.89194417	0.92960155	0.8734682	0.72897804	0.85709465	0.86795497	0.7653991	0.8457582	0.83378726	0.7868475	0.86120063	0.62876534	0.9305257	0.8735179	0.75949055	0.81691766
tamelijk/adj	0.8161603	0.8210202	0.7939813	0.64664984	0.76694715	0.92883384	0.9043494	0.78999007	0.52807444	0.7768751	0.79314035	0.85588276	0.7924135	0.8949844	0.8610234	0.8201054	0.88112116	0.71216345	0.7898654	0.71329874	0.7845204	0.69316715	0.81793004	0.82733387	0.86495656	0.66593957	0.73715657	0.7830094	0.81235176	0.76833236	0.5650511	0.7319504	0.8463091	0.708886	0.5446824	0.7961166	0.77265686	0.8289308	0.639742	0.83788556	0.71927035	0.81323206	0.81448317	0.0	0.6303792	0.7952175	0.7785843	0.7130885	0.8497573	0.83864653	0.7540555	0.8907439	0.86980075	0.8986765	0.5344301	0.7127838	0.80456847	0.7932323	0.5009646	0.8018609	0.8401537	0.6436967	0.5529072	0.8814531	0.8947039	0.83987415	0.7545852	0.9182382	0.89285594	0.91272444	0.8632106	0.92865074	0.84247696	0.85105854	0.67138076	0.62452865	0.8940468	0.8321689	0.8119272	0.81065285	0.7649386	0.8156923	0.6840562
dikwijls/adj	0.8455719	0.6963316	0.79346514	0.75269806	0.79949063	0.88599634	0.8936755	0.7931738	0.59509814	0.7632108	0.7537486	0.84326404	0.8227192	0.87372494	0.8296083	0.83255905	0.84465635	0.7622342	0.79303855	0.7359583	0.7599344	0.7532221	0.7846687	0.81204355	0.8187963	0.6891158	0.78250957	0.6262277	0.8054832	0.7343087	0.75228214	0.73061657	0.83647305	0.74666905	0.6663336	0.7021095	0.743088	0.8123017	0.5857686	0.8034601	0.7853539	0.76482695	0.74771416	0.6303792	0.0	0.8107151	0.8235046	0.7324474	0.84498656	0.783998	0.7934015	0.88737524	0.7521969	0.85951227	0.6784779	0.6479465	0.82672924	0.7207147	0.6757096	0.81128466	0.8252604	0.67016184	0.6790717	0.8584645	0.90616417	0.7878492	0.7467796	0.8699959	0.89362305	0.89147174	0.7362638	0.87094665	0.8387561	0.8465356	0.72864634	0.7159522	0.84375286	0.8094373	0.6816821	0.8640696	0.79009557	0.7460884	0.7448029
