	1-1_gelijkspel/noun	Amerikaan/noun	Republikeins/adj	aanpak/noun	af/adv	alleen/adj	alleen/adv	allemaal/adv	alvast/adv	amateur_club/noun	ander/adj	arm/adj	baan/noun	bedwing/verb	begrijp/verb	bestuur_crisis/noun	bevrijd/verb	boel/noun	boer/noun	bouw/noun	bouw_op/verb	bovendien/adv	broer/noun	bruid/noun	buur/noun	carrière/noun	chauffeur/noun	club/noun	creativiteit/noun	daar/noun	dan/adv	designer/noun	dosis/noun	droog_leg/verb	drugsverslaafd/adj	duizenden/noun	dus/adv	en/adv	er/noun	even/adj	extra/adj	familie/noun	familie_lid/noun	fiets/noun	financier/verb	gang/noun	gedicht_DIM/noun	geld/noun	gelukkig/adj	gemeente_bestuur/noun	gestrand/adj	getroffen/adj	gezond/adj	gezondheidszorg/noun	ginds/adj	god/noun	goed/adj	graag/adj	handjevol/noun	heb/verb	het/noun	hier/adv	huis_bezitter/noun	humanitair/adj	iemand/noun	imago/noun	index/noun	job/noun	jongen/noun	jood/noun	juist/adj	kan/verb	kind/noun	klant/noun	kloof/noun	kom_voor/verb	lamentabele/adj	leer_aan/verb	lezer/noun	maaltijd/noun	maar/adv	maatregel/noun	mag/verb	man/noun	manier/noun	meen/verb	meer/adv	meisje/noun	meneer/noun	mens/noun	mentaliteit/noun	misschien/adv	moet/verb	natuurlijk/adj	niet/adv	niets/noun	niks/noun	nodig/adj	om/adj	ondersteun/verb	onmiddellijk/adj	ons/noun	oog_arts/noun	ook/adv	op/adj	opbouw/noun	organiseer/verb	ouder/noun	overkill/noun	overwinning/noun	partner/noun	passend/adj	persoon/noun	president/noun	probeer/verb	probleem/noun	proces/noun	professional/noun	red/verb	slachtoffer/noun	snel/adj	sociaal/adj	soms/adv	specialist/noun	spoor_op/verb	stap/noun	steun/verb	straf/noun	strijd/noun	structureer/verb	systeem/noun	taal/noun	taal_grens/noun	tekort/noun	therapeut/noun	tijdelijk/adj	toch/adv	toe/adv	tracht/verb	treed_in/verb	trouwens/adv	tussenstap/noun	uitstekend/adj	vader/noun	vaderland/noun	vakantieganger/noun	valk/noun	vang_op/verb	veel/adj	veiligheid/noun	ver/adj	verblijfsvergunning/noun	verstoot/verb	vertaal/verb	verzet/noun	vlot/adj	vooruit/adj	vooruit/adv	vrouw/noun	vul_in/verb	want/noun	weduwe/noun	weer/adv	weer/verb	weg/adj	weg/noun	wel/adv	wereld/noun	werk/noun	werknemer/noun	wijze/noun	wil/noun	wil/verb	word/verb	zaak/noun	zadel/noun	zal/verb	zeep/noun	zeker/adj	zelf/adv	zelfs/adv	zet_op/verb	zo/adv	zoek/verb	zogezegd/adj
1-1_gelijkspel/noun	0.0	0.9962085	1.0	0.9968361	1.0	0.9881177	0.99322224	0.98865855	0.9370786	0.9650321	0.9991332	0.9996009	0.99349475	0.96221745	0.97920156	0.942976	0.98676604	0.99239004	0.9762938	0.9883162	0.9744046	0.9978393	0.9657348	0.974946	0.89346164	0.9839446	0.99341786	0.7970322	0.9634506	0.96045214	0.99912286	0.9663533	0.97642195	0.9733608	0.99148524	0.9930149	0.9875803	0.99995	0.99334455	0.9917632	0.9925522	0.99434704	0.99724996	0.99638337	0.9820782	0.996555	0.9999591	0.9988095	0.93662715	0.9664936	0.9798301	0.99846804	0.98865175	0.9950285	0.9227283	0.9633057	0.9883228	0.96818393	0.97754264	0.9809144	1.0	0.9987219	1.0	0.9988872	0.9993295	0.9934842	0.9973527	0.9871403	0.9861214	0.9986889	0.9859998	0.9901714	0.99821323	0.9996495	0.94118416	0.9956986	0.9188776	0.9901421	0.9860413	0.9981945	0.99650705	0.9961999	0.96480703	0.9959097	1.0	0.9788049	0.9990743	0.9985967	0.9811286	1.0	0.99035597	0.9878156	0.98141134	1.0	0.8915575	0.99667716	0.9624811	0.9999201	0.99788487	0.99592495	0.99120235	0.95739317	0.9997537	0.99179953	0.966252	0.9873491	0.9558692	1.0	0.99860877	0.914782	0.9895041	0.9967783	0.9978284	0.9928825	0.9947355	0.98944235	0.97655666	0.9907686	0.9570907	0.99372005	0.9911855	0.9965241	1.0	0.98990315	0.9989147	0.9722005	0.9841254	0.98310745	0.9713421	0.99939346	0.9919924	0.9949572	0.9610292	0.9898929	0.98795676	0.99445456	0.99063027	1.0	0.9581883	0.98826027	0.9793857	0.9961784	0.9680543	0.99386895	0.99118555	0.9936765	1.0	0.98497874	0.9921765	0.9877387	0.87691224	0.9915712	0.99793154	0.9910561	0.9870143	0.96479297	0.99871016	0.9761957	0.9994213	0.9683159	0.9726685	0.9752467	0.9847874	0.9681764	0.9431673	0.97461456	0.9984524	0.9997219	0.9951773	0.9969867	0.9841662	1.0	0.9857615	0.9939889	0.9941476	0.99055463	0.9838696	0.9764948	0.97998387	0.9976118	0.99561834	0.97596383	1.0	0.9937659	0.9672376
Amerikaan/noun	0.9962085	0.0	0.8242495	0.93597335	0.93423593	0.91933656	0.9028581	0.89853334	0.92616886	0.972247	0.8833643	0.8633772	0.83989197	0.89861417	0.88802516	0.9977278	0.781633	0.94840854	0.86733997	0.8998378	0.9161945	0.8937639	0.777425	0.8544115	0.9210528	0.7576853	0.76404315	0.9142376	0.9644158	0.9667328	0.97545433	0.93572783	0.9229784	0.95066285	0.94652396	0.83139056	0.92011476	0.91926706	0.9440441	0.9426187	0.8657098	0.83724374	0.86086	0.879243	0.9007006	0.94855636	0.96631175	0.9476626	0.9199544	0.9502018	0.9458993	0.9102756	0.9358868	0.95172673	0.9485163	0.91991186	0.9422885	0.8989792	0.92450345	0.80058354	0.9300659	0.90201676	0.984727	0.8865122	0.9009249	0.9314201	0.92535233	0.87517995	0.9047878	0.84192044	0.8938669	0.9793991	0.928328	0.8832182	0.90699744	0.8768351	0.98523843	0.9616102	0.89897424	0.9300126	0.8739222	0.9405507	0.92059517	0.6591827	0.8986179	0.87253416	0.9292164	0.893929	0.8884911	0.85390913	0.92172045	0.89788777	0.9659666	0.88761294	0.98203725	0.9262945	0.92631304	0.8801589	0.9211868	0.9072608	0.9058163	0.90929407	0.9635254	0.9382147	0.8888371	0.95008874	0.9158324	0.89717567	0.9970947	0.8551493	0.8715402	0.94972557	0.8594234	0.8185796	0.84649014	0.9334327	0.84894097	0.8703545	0.8606073	0.7100569	0.8983741	0.9187636	0.94783986	0.8874024	0.89314777	0.942287	0.851434	0.86939067	0.8452687	0.9578497	0.93178374	0.91985166	0.96934015	0.88074756	0.9560227	0.9041583	0.9603157	0.9289114	0.91146624	0.89438	0.89348984	0.9955233	0.9102967	0.7291803	0.88606673	0.90594834	0.9878186	0.9032502	0.91630393	0.9195117	0.9336758	0.8874302	0.96523184	0.91248584	0.86737317	0.9377059	0.9585757	0.9196986	0.6926651	0.9115243	0.93863094	0.79654133	0.9093718	0.9485278	0.86831534	0.88826555	0.9546747	0.8282244	0.8796423	0.82683766	0.90532637	0.90505385	0.94118875	0.7812609	0.92530197	0.928153	0.883683	0.9656937	0.87404376	0.86282694	0.85544544	0.9017069	0.97079283	0.8755107	0.9522965
Republikeins/adj	1.0	0.8242495	0.0	0.9884926	0.9797966	0.98118424	0.9679167	0.97770983	0.96899694	0.99218917	0.9959112	0.92840415	0.92894316	0.95687383	0.9739005	1.0	0.9406326	0.9881661	0.9566857	0.9451842	0.97342515	0.9474648	0.9246265	0.9587748	0.97348547	0.93520534	0.92243755	0.9827262	0.9641295	0.98727053	0.9958469	0.96743643	0.94923	0.98218	0.98743594	0.9539157	0.9763161	0.9736407	0.9910115	0.97624534	0.95858175	0.9405888	0.9433099	0.9678563	0.9527785	0.97424746	0.9561791	0.9929794	0.97225446	0.9896156	0.9511752	0.9467823	0.97483486	0.9724292	0.99775517	0.96804076	0.9918538	0.9825509	0.9908971	0.9382035	0.99340576	0.962761	0.99955046	0.93311566	0.9747617	0.9539584	0.9779397	0.93226	0.9826062	0.9278654	0.97539586	0.99445	0.97430885	0.9435397	0.9890532	0.96374357	0.9747107	0.9801293	0.97804797	0.9414179	0.9398448	0.9738148	0.9862379	0.9155758	0.94684523	0.93098855	0.98216873	0.9683535	0.9519035	0.9369861	0.9563911	0.98277026	0.98659384	0.9714475	1.0	0.98424006	0.9915289	0.95521337	0.9723099	0.9704042	0.9738991	0.9781953	0.9799055	0.984766	0.9338098	0.96717864	0.97147435	0.9718829	1.0	0.96573055	0.935699	0.981508	0.9347532	0.8511014	0.9630449	0.9878259	0.9214658	0.9610155	0.95484394	0.94828737	0.9785037	0.97669125	0.9903543	0.9613812	0.9378212	0.99170756	0.92359895	0.9433446	0.9249923	0.9766971	0.96498334	0.98299634	0.9730174	0.9539514	0.9588602	0.94961566	1.0	0.9731745	0.950384	0.96120846	0.9655052	0.9953702	0.97240883	0.8811112	0.9545519	0.9850687	0.9471368	0.94794005	0.98198533	0.95498514	0.97872114	0.9613686	0.9945325	0.9438606	0.9115771	0.9788465	0.946989	0.9722674	0.9289716	0.9662622	0.9695223	0.90354735	0.97427976	0.98056865	0.9357196	0.9689809	0.9948592	0.93905133	0.95249933	0.93408424	0.9777061	0.95693743	0.98101085	0.89724225	0.9406553	0.96605796	0.9538713	0.9994452	0.9481625	0.9445253	0.96545064	0.94917345	0.9881446	0.99008954	0.96868515
aanpak/noun	0.9968361	0.93597335	0.9884926	0.0	0.9566313	0.90087754	0.9039794	0.9449901	0.88625604	0.947942	0.9411752	0.8989676	0.93882537	0.908367	0.86308706	0.94141775	0.97736025	0.94968843	0.90930855	0.9456654	0.9201093	0.88648087	0.92838603	0.98297375	0.9486208	0.86856425	0.9435875	0.8957791	0.9683276	0.87701243	0.9452391	0.98034203	0.99360955	0.99306923	0.92604333	0.92215496	0.88690704	0.92333376	0.88978916	0.91442007	0.92861164	0.9223677	0.9600574	0.93909127	0.94842356	0.93275964	0.9872172	0.9186631	0.88644147	0.9308363	0.98023903	0.9305029	0.92590517	0.95069677	0.98560804	0.9640201	0.9607046	0.89421105	0.9586009	0.84210294	0.8971337	0.9237879	0.999048	0.9604423	0.8857837	0.9252981	0.96494615	0.9586189	0.9161306	0.95303565	0.905985	0.9243194	0.9501784	0.9219632	0.9565307	0.8933155	0.9496673	0.9634911	0.9407491	0.9526235	0.94088453	0.8337488	0.8945111	0.9406601	0.8679658	0.78922	0.9439372	0.9392228	0.89501613	0.9665616	0.95623803	0.8579656	0.9677053	0.9343436	0.92559916	0.8723892	0.9478466	0.945307	0.9462209	0.8894384	0.8757733	0.9298215	0.98225105	0.8832758	0.9209304	0.9863206	0.91476303	0.9274719	0.95529366	0.9295082	0.9033947	0.9296236	0.9458536	0.9145729	0.8668377	0.8187104	0.94036055	0.9660488	0.8924616	0.92756	0.9376728	0.88512325	0.9035267	0.9289984	0.92732	0.8812465	0.8488841	0.91907424	0.85690767	0.97127	0.8503568	0.89719325	0.9711824	0.954919	0.98925257	0.9356506	0.9211548	0.93442726	0.9089445	0.98138905	0.8748202	0.9870915	0.9069291	0.9436669	0.9277164	0.9438517	1.0	0.8835224	0.9279455	0.922263	0.9085517	0.98228914	0.9984319	0.9703563	0.9264875	0.96398664	0.9734894	0.9322842	0.9450614	0.9498181	0.97942716	0.96156055	0.9229402	0.89970434	0.9550575	0.91389704	0.88683313	0.9315173	0.90949094	0.93613815	0.8876508	0.91519296	0.8171284	0.9584837	0.9071619	0.9441067	0.9194774	0.9885556	0.91264963	0.89544916	0.9123913	0.9059274	0.96882087	0.8947993	0.9853801
af/adv	1.0	0.93423593	0.9797966	0.9566313	0.0	0.8791744	0.9053085	0.92681175	0.9170357	0.981596	0.88750124	0.9703663	0.9682915	0.9443745	0.8938248	1.0	0.95053035	0.97934693	0.9450787	0.9667065	0.94180584	0.926265	0.8962052	0.9818871	0.96543354	0.92399514	0.95884275	0.9204234	0.9614129	0.9242659	0.9612873	0.98979855	0.98747313	1.0	0.9932753	0.9214849	0.8984543	0.40315706	0.9464226	0.88930506	0.9652458	0.88645476	0.95597583	0.9472613	0.9655761	0.9509243	0.99158126	0.94321424	0.88821554	0.9532201	0.9953654	0.9790763	0.95794094	0.9634043	0.99020106	0.88979214	0.9262239	0.8899095	0.99050575	0.9162342	0.9342266	0.9487094	1.0	0.98224944	0.8924981	0.9392394	0.98810214	0.9715539	0.91855395	0.9596585	0.92355996	0.97207713	0.9326264	0.96341455	0.94554234	0.9123012	0.96181834	0.972485	0.90415794	0.9785539	0.95012164	0.95752245	0.9340437	0.94739485	0.9558561	0.89804435	0.90504783	0.9178876	0.93295395	0.97817296	0.96050227	0.89846367	0.9748521	0.8748524	0.964992	0.9101335	0.9156923	0.949562	0.974023	0.9581576	0.9339198	0.9145918	0.9656985	0.9139214	0.9284668	0.95377594	0.94047743	0.93858504	0.9946378	0.9453996	0.91996664	0.9305013	0.964623	0.9485789	0.9108958	0.9746946	0.9651843	0.9650842	0.90318215	0.9552691	0.9560041	0.9627285	0.88209915	0.96141523	0.97163165	0.9316343	0.9511078	0.9764739	0.9587596	0.9767956	0.9235998	0.8913108	0.99242157	0.9927189	0.977413	0.9362907	0.92124474	0.4779467	0.9439967	0.9969112	0.9237977	1.0	0.89308804	0.90556633	0.9926399	0.97698087	0.9657911	0.9470676	0.9516932	0.9793388	0.9485452	0.9674011	0.97579473	0.8777282	0.9470938	0.96173805	0.971579	0.93003696	0.94325805	0.9716998	0.9521735	0.9417947	0.9038746	0.9291277	0.9183878	0.92437255	0.93290895	0.9157514	0.89899725	0.9701516	0.9183946	0.939176	0.9542437	0.9767238	0.9511216	0.94560355	0.95095575	0.9809582	0.92474794	0.86368746	0.9081808	0.9153257	0.9711129	0.912891	0.9601173
alleen/adj	0.9881177	0.91933656	0.98118424	0.90087754	0.8791744	0.0	0.77767664	0.8502555	0.8975553	0.9646195	0.8635716	0.9286277	0.92583835	0.9848329	0.8655141	0.9960449	0.9381881	0.95476794	0.93014055	0.93923545	0.9073549	0.8415919	0.90338033	0.97309595	0.9459795	0.9009668	0.9578235	0.9079618	0.95491415	0.91168225	0.9114896	0.9817451	0.99559295	0.98449516	0.9821487	0.8789687	0.8725698	0.848979	0.8721419	0.84959924	0.912813	0.9017073	0.9426167	0.94791317	0.8903613	0.93945676	0.95063585	0.868031	0.87959063	0.94413096	0.9888004	0.9641743	0.93959564	0.94299763	0.99331945	0.8859058	0.8443875	0.83229876	0.9630067	0.84109074	0.89289063	0.8873936	0.9998876	0.97052604	0.85176975	0.92081344	0.95233876	0.95917696	0.89937115	0.9346184	0.87244713	0.8946458	0.9223249	0.91426134	0.9622708	0.8983011	1.0	0.9769286	0.91977453	0.9563425	0.9023957	0.87188405	0.8309525	0.9233979	0.897765	0.898451	0.8587476	0.9045937	0.9179371	0.97264785	0.9548428	0.8500719	0.9050405	0.8529302	0.8666027	0.8758415	0.90686643	0.90975404	0.9464559	0.9609038	0.882151	0.9122744	0.956132	0.83134604	0.8354728	0.95799124	0.90444285	0.9178066	0.9978808	0.9023254	0.9104217	0.9585198	0.9495963	0.93297076	0.83940434	0.860348	0.8935621	0.9712593	0.87251234	0.91184545	0.8866594	0.9161024	0.8498371	0.93354845	0.95913893	0.8931187	0.91074777	0.9037949	0.8869424	0.99950373	0.9051092	0.9018479	0.9873161	0.9764928	0.9702297	0.9055424	0.84955305	0.840768	0.91454905	0.989366	0.84969807	0.99771386	0.8886873	0.87716436	0.94063246	0.97842133	0.9997253	0.9253984	0.8373265	0.92429245	0.86309904	0.9724474	0.99777466	0.8896904	0.9305259	0.9450073	0.96503234	0.9299029	0.91944	0.94884735	0.9726962	0.94515896	0.8580875	0.9330344	0.89230335	0.8713184	0.85240066	0.9206754	0.8941524	0.9409309	0.89329284	0.932343	0.85120153	0.92946815	0.8985091	0.9831452	0.9137847	0.99753255	0.8474034	0.7914825	0.87220216	0.8723191	0.84210396	0.83359236	0.967192
alleen/adv	0.99322224	0.9028581	0.9679167	0.9039794	0.9053085	0.77767664	0.0	0.795981	0.8803042	0.96452427	0.8545016	0.9072612	0.9017106	0.9612203	0.8528283	0.98122674	0.9369729	0.9091217	0.9192448	0.94566846	0.8934441	0.8334635	0.8799759	0.96512914	0.94424176	0.909706	0.94767106	0.8603223	0.9559994	0.88142335	0.8664305	0.9816301	0.965431	0.98469824	0.98584247	0.872592	0.8338076	0.8668636	0.86208165	0.85000765	0.88070035	0.89195555	0.9365226	0.90297353	0.8949427	0.92225266	0.9970717	0.91483015	0.87007236	0.94743407	0.9810702	0.9169077	0.9212736	0.8987724	0.9837342	0.8811502	0.86493003	0.8289877	0.94571173	0.8196931	0.8773139	0.8822086	0.99904615	0.95974857	0.8366546	0.88250947	0.9519199	0.9371138	0.9028666	0.9277658	0.8700674	0.8608335	0.91684145	0.89314896	0.9485764	0.8518258	0.99994636	0.9484363	0.91869587	0.95646536	0.8664018	0.8918252	0.8096958	0.9407197	0.8635577	0.86099184	0.8099865	0.9264444	0.9049393	0.9300304	0.94381744	0.8490759	0.8587997	0.83513767	0.87810844	0.8692537	0.896564	0.856338	0.9195139	0.92570436	0.89797074	0.87193465	0.9775252	0.80625695	0.83563447	0.91352844	0.8850678	0.93916655	0.9979743	0.87030256	0.8675054	0.96093774	0.93369806	0.9466701	0.8700716	0.8734759	0.91425437	0.97051543	0.8182531	0.9141845	0.8297845	0.8973291	0.8609183	0.92205805	0.9626428	0.8821361	0.8738468	0.9257554	0.8514753	0.9726299	0.9109573	0.89762074	0.98531276	0.92251813	0.95005363	0.9039369	0.89148825	0.8832209	0.88087034	0.9799298	0.8556325	0.97417647	0.8800685	0.9034761	0.94558275	0.9722946	0.98004776	0.88685477	0.8644753	0.913389	0.86278856	0.95247835	0.93959713	0.91815805	0.9210447	0.91359806	0.9704441	0.90541536	0.92122126	0.93282187	0.961145	0.9420678	0.8297703	0.8967698	0.86845845	0.8631309	0.8746952	0.8833705	0.9023477	0.8939123	0.8936324	0.9260999	0.8315198	0.91794705	0.8953527	0.97056174	0.86301535	0.9754732	0.838016	0.8001638	0.81023645	0.89630276	0.95513767	0.85693246	0.9678031
allemaal/adv	0.98865855	0.89853334	0.97770983	0.9449901	0.92681175	0.8502555	0.795981	0.0	0.89868456	0.95529586	0.8735628	0.9086997	0.91644734	0.9686068	0.8336624	0.9830399	0.89397246	0.9594412	0.93740314	0.9344332	0.9119749	0.8437696	0.8736128	0.97917515	0.9425781	0.90135676	0.94035864	0.9058022	0.96536034	0.8798901	0.76382726	0.97592527	0.9863815	0.9903683	0.9772684	0.8887583	0.8391628	0.86332285	0.85959166	0.82908803	0.910169	0.85509694	0.9313203	0.9044788	0.90467113	0.9021734	0.9680719	0.92026335	0.8427589	0.9422659	0.976346	0.97913826	0.9276592	0.9434132	0.9738393	0.9224833	0.8366065	0.84947395	0.95523745	0.87675554	0.8547336	0.8297236	1.0	0.984363	0.8374911	0.92295635	0.9588686	0.93710065	0.8760092	0.9211671	0.9249828	0.9011858	0.8930646	0.9274824	0.96266556	0.84652793	1.0	0.9407359	0.9168165	0.9673395	0.84171647	0.9030231	0.81960714	0.9409203	0.8752791	0.88224286	0.8515466	0.8912857	0.91619724	0.92607516	0.93884265	0.77491313	0.85420644	0.81906855	0.81433386	0.89552665	0.8936162	0.88657725	0.9500972	0.9455113	0.92165816	0.8832737	0.9836039	0.82291794	0.84855807	0.9449266	0.8834098	0.8871846	0.9966244	0.9249985	0.9273874	0.950127	0.90730554	0.9564496	0.8466457	0.90757114	0.9290641	0.9843342	0.89220506	0.91126525	0.9129359	0.9059178	0.8729762	0.9310488	0.9672652	0.90363574	0.9055899	0.92177254	0.9018733	0.9815976	0.9285948	0.90687716	0.97567594	0.9520037	0.9522577	0.92749506	0.7766628	0.87755525	0.9322629	0.9821088	0.86019886	0.99985	0.8834811	0.88029855	0.9721854	0.9754277	0.99958897	0.91779166	0.8240435	0.9029596	0.8815988	0.9653281	1.0	0.91981876	0.93295664	0.94477963	0.9345464	0.93920135	0.9408067	0.97266597	0.9772302	0.95577747	0.83852255	0.94228005	0.9184582	0.8910474	0.8378123	0.889215	0.8834343	0.92831635	0.89531404	0.9064206	0.8640111	0.8741293	0.89551985	0.96278644	0.86491024	0.9872782	0.8338094	0.8066162	0.83290195	0.8889848	0.9434148	0.87534183	0.9734021
alvast/adv	0.9370786	0.92616886	0.96899694	0.88625604	0.9170357	0.8975553	0.8803042	0.89868456	0.0	0.9444287	0.9297222	0.9123286	0.87242365	0.9514656	0.8758044	0.9724077	0.9396523	0.91720176	0.915589	0.8886915	0.88988787	0.84723604	0.87748194	0.955837	0.8712111	0.8832756	0.88565004	0.83309525	0.9349161	0.8858019	0.9284143	0.9444434	0.9639951	0.98619115	0.9691323	0.9056082	0.8552855	0.92085075	0.87196195	0.8566108	0.86689824	0.88833857	0.92076796	0.89006597	0.90442204	0.9361735	0.9759021	0.920426	0.85608745	0.8324202	0.95249236	0.91465586	0.9228186	0.9448695	0.93381345	0.92734945	0.88502777	0.8396334	0.95760465	0.8453993	0.93714213	0.9092978	0.9915297	0.9562484	0.8986026	0.8788536	0.9351797	0.8902747	0.90067905	0.9243166	0.89587	0.8936616	0.92415494	0.84024787	0.90449905	0.8914707	0.98151135	0.94435096	0.9004073	0.9255749	0.8961851	0.8572325	0.8205107	0.90612626	0.91775626	0.7993631	0.88854796	0.92097926	0.90247536	0.89219433	0.9519514	0.8913926	0.9085033	0.9000867	0.89039004	0.91658264	0.91012764	0.87924194	0.932379	0.88702816	0.8368161	0.9034328	0.983874	0.8343995	0.838151	0.96040183	0.7811887	0.92089486	0.993593	0.8419706	0.8585079	0.9529822	0.9035939	0.9126563	0.86065286	0.8682742	0.9311206	0.9647155	0.8443124	0.8970813	0.8657787	0.8798827	0.9035743	0.89063597	0.9560382	0.8824782	0.8343091	0.9188668	0.8850542	0.9682364	0.8784351	0.9362717	0.9412687	0.89865	0.9798258	0.87669504	0.8723289	0.9427389	0.85557944	0.9680536	0.82444704	0.95429045	0.84433234	0.89399517	0.9491716	0.9495	0.9565967	0.8788242	0.88221586	0.8927257	0.8549361	0.9736819	0.9976284	0.9370588	0.9194139	0.8713159	0.9099362	0.8801865	0.9082632	0.9247997	0.9539568	0.91979015	0.87105715	0.88131744	0.8798637	0.88981193	0.86849463	0.91117305	0.9075642	0.8689992	0.9054156	0.91721016	0.77402043	0.9243146	0.91204876	0.9342481	0.871839	0.98124677	0.8476387	0.8450185	0.8645088	0.82968295	0.97205335	0.85555255	0.9449487
amateur_club/noun	0.9650321	0.972247	0.99218917	0.947942	0.981596	0.9646195	0.96452427	0.95529586	0.9444287	0.0	0.99899524	0.96916103	0.9561844	0.9578775	0.9754653	0.9591033	0.9798968	0.9885499	0.98704106	0.9335495	0.94865817	0.9819137	0.96309817	0.98613894	0.96586996	0.9626183	0.9299252	0.7654167	0.99546045	0.97455007	0.97685736	0.9914572	0.99021024	0.99318886	0.9674034	0.9822907	0.96712077	0.9707253	0.9703311	0.9512626	0.955257	0.9737634	0.9549568	0.9864314	0.96959615	0.96628046	0.98424053	0.976975	0.96840215	0.9514241	0.95989364	0.99490607	0.9919888	0.9935264	0.96845704	0.98367363	0.9653458	0.96602035	0.9648989	0.8810305	0.9937472	0.9897295	0.95790863	0.98211616	0.97312486	0.9703338	0.97092474	0.95956576	0.96026546	0.9794702	0.98606837	0.9998589	0.98858976	0.97768456	0.9624932	0.927425	0.980767	0.97834057	0.94358116	0.9736777	0.9716623	0.9896551	0.94535166	0.94310033	0.981529	0.92025805	0.9558527	0.9618371	0.96411747	0.96874666	0.981182	0.98278904	0.98226637	0.9768894	0.981373	0.95111644	0.9938265	0.9614353	0.98228633	0.94635004	0.9893353	0.9887878	0.95811236	0.972691	0.95462465	0.9934643	0.9412192	0.9848106	0.9892637	0.8431488	0.9845912	0.9655854	0.9723947	0.99347067	0.9732285	0.9858928	0.9677008	0.9742891	0.9423232	0.96438557	0.9739462	0.95390743	0.9951128	0.9681768	0.9889479	0.96393025	0.97874767	0.9237149	0.96470547	0.9749052	0.9645438	0.9973787	0.9900004	0.9729243	0.9544316	0.9430975	0.95562756	0.9769221	0.9426013	0.98473334	0.9910566	1.0	0.9383599	0.9680819	0.98855335	0.9460304	0.9986409	0.9782823	0.9906933	0.9929721	0.93959206	0.9755862	0.9973733	0.96601284	0.9765091	0.9556204	0.982428	0.9529293	0.965341	0.9910792	0.9737186	0.96287227	0.9041612	0.949098	0.93242526	0.949508	0.98691577	0.992052	0.98671377	0.951329	0.94255817	0.99749386	0.96820503	0.9696568	0.97757393	0.9650738	0.9835515	0.9731974	0.9628144	0.97174263	0.9660981	0.95984685	0.9915082	0.98161477	0.9979182
ander/adj	0.9991332	0.8833643	0.9959112	0.9411752	0.88750124	0.8635716	0.8545016	0.8735628	0.9297222	0.99899524	0.0	0.8935893	0.96117014	0.9746499	0.85405004	1.0	0.9367276	0.9522426	0.9422801	0.96942246	0.913136	0.8720534	0.949093	0.9746487	0.93978393	0.9391092	0.9594352	0.94182265	0.96956015	0.90010995	0.9439903	0.9909052	0.97147375	0.98141116	0.96825	0.8532092	0.82779306	0.87599695	0.898577	0.9061127	0.9343442	0.8875682	0.9062378	0.93753237	0.8973266	0.9466984	1.0	0.903834	0.9214362	0.9504899	0.96755546	0.92756295	0.9273218	0.9550906	0.98392713	0.9335308	0.9057057	0.8752088	0.9258519	0.8638619	0.8897687	0.892843	1.0	0.95010054	0.9220676	0.92323834	0.96453613	0.95631176	0.9405633	0.87171537	0.9020624	0.91993433	0.95009965	0.92497987	0.9721104	0.8919217	0.98699963	0.96044207	0.9151366	0.96272093	0.89617777	0.9300326	0.8967987	0.9564087	0.8797943	0.89321923	0.8540162	0.9200332	0.9458451	0.95751613	0.9268979	0.8633444	0.9524599	0.8797479	0.9302782	0.9049879	0.91056526	0.93865824	0.958442	0.9041086	0.91116476	0.91097236	1.0	0.79144967	0.8811978	0.99227744	0.9308748	0.94276536	0.9786992	0.94661015	0.9194108	0.960743	0.9306607	0.9316639	0.85563374	0.90112144	0.9031767	0.9548304	0.9213935	0.93131304	0.895853	0.9130881	0.8950404	0.93747365	0.9544549	0.91274357	0.8699863	0.9324903	0.8748873	0.93070585	0.90317684	0.88151497	0.95515066	0.9875017	0.9520892	0.9281974	0.92616683	0.8953746	0.91946167	0.96784455	0.9219964	0.98178554	0.927051	0.9243669	0.9358909	0.9816502	0.98812497	0.91701007	0.8342396	0.9377682	0.89184105	0.95906997	0.9491638	0.9360398	0.9011387	0.9638895	0.95381534	0.97945553	0.93248326	0.9671462	0.9855894	0.95358014	0.9103263	0.93089104	0.9298241	0.9288791	0.9032481	0.85332316	0.89680475	0.9615317	0.875937	0.92346036	0.8870951	0.9331124	0.90021217	0.9862369	0.8900126	0.97405964	0.8943621	0.84479994	0.8829205	0.9185871	0.9681091	0.857559	0.97903603
arm/adj	0.9996009	0.8633772	0.92840415	0.8989676	0.9703663	0.9286277	0.9072612	0.9086997	0.9123286	0.96916103	0.8935893	0.0	0.86055493	0.9641856	0.90135133	0.9973705	0.909547	0.94395846	0.85759056	0.89958286	0.90258604	0.894181	0.90106887	0.9481038	0.94157666	0.89061975	0.9173467	0.9286445	0.9658401	0.93425655	0.936613	0.9796065	0.95834744	0.9864968	0.9442749	0.78411925	0.9198318	0.9330401	0.9602616	0.9073003	0.8549419	0.8945679	0.91064465	0.9077692	0.9098363	0.9166865	0.9734141	0.9051033	0.90823495	0.9255459	0.93918246	0.88156164	0.9315855	0.91298413	0.96211797	0.9343304	0.9149991	0.9255684	0.91539305	0.9014198	0.9395005	0.870564	0.98712915	0.8563427	0.91999507	0.922598	0.9367283	0.8841503	0.9248554	0.8551958	0.92364645	0.9627509	0.90500224	0.85836995	0.9578	0.8809575	1.0	0.9686476	0.9367269	0.9085955	0.86449236	0.88872325	0.91936356	0.8985988	0.91429216	0.8785103	0.93732697	0.90603757	0.94509995	0.8416426	0.9167249	0.9162212	0.9189658	0.92238855	0.9734664	0.9055295	0.9389665	0.9150146	0.9344247	0.9186772	0.9331821	0.9225052	0.9520796	0.9025161	0.8847392	0.9541082	0.93184716	0.904294	0.99919057	0.90704864	0.88912874	0.9718648	0.8603488	0.8447227	0.9006609	0.8733268	0.920444	0.95759034	0.89968246	0.87856567	0.91829824	0.9160331	0.923592	0.9392018	0.94120395	0.95047563	0.8462449	0.9130064	0.87578374	0.9852042	0.96199244	0.9064246	0.9715063	0.889075	0.96383125	0.89589113	0.9593671	0.9535866	0.9291289	0.92944205	0.9246624	0.9922074	0.9345762	0.8832466	0.9045092	0.92535585	0.9851035	0.90542084	0.8777336	0.9259471	0.93161815	0.9408026	0.9790171	0.94590163	0.89960027	0.9612587	0.9793707	0.945741	0.89092326	0.92951435	0.9618709	0.88216317	0.91660184	0.935998	0.855823	0.91202027	0.9347728	0.87818503	0.9317562	0.86659604	0.90424037	0.9408866	0.92357683	0.8758862	0.927568	0.9532662	0.8740572	0.9810807	0.8732308	0.8799693	0.8587601	0.9029925	0.9751789	0.9084788	0.9747966
baan/noun	0.99349475	0.83989197	0.92894316	0.93882537	0.9682915	0.92583835	0.9017106	0.91644734	0.87242365	0.9561844	0.96117014	0.86055493	0.0	0.94692695	0.934418	0.97621787	0.9288633	0.9635512	0.77146953	0.7349378	0.8578675	0.8005606	0.94397515	0.96503574	0.95075095	0.9140401	0.76913035	0.90399826	0.9746279	0.88942343	0.9390205	0.95274365	0.8608739	0.9833406	0.8855559	0.867735	0.8482656	0.9362142	0.91424155	0.93202937	0.47213763	0.919129	0.88940203	0.7429166	0.8748118	0.9013904	0.9888074	0.8553039	0.9094801	0.84910923	0.90404016	0.8536797	0.8874012	0.8783928	0.9834065	0.9623603	0.92209864	0.91827863	0.9535836	0.86050403	0.94445014	0.8786912	0.97281	0.9257099	0.9379897	0.9589533	0.8323777	0.38103336	0.9368731	0.71277785	0.835648	0.94025576	0.7415534	0.5781765	0.9620113	0.8933161	0.99884087	0.97454846	0.8064388	0.77582693	0.65542096	0.83626515	0.88896364	0.7450311	0.9195293	0.91220987	0.9253202	0.92528766	0.9281731	0.24791265	0.9827067	0.9275614	0.8270347	0.92330223	0.9713901	0.9428178	0.93357384	0.69916475	0.9231318	0.88509107	0.9027134	0.88432467	0.94547874	0.9318539	0.8703692	0.9299431	0.9106293	0.86750805	0.9871259	0.9056583	0.8651516	0.9472793	0.41542095	0.96423745	0.9141545	0.89588004	0.93775845	0.9310079	0.8676071	0.7552524	0.89323103	0.78057355	0.94240344	0.8554728	0.89781964	0.9088225	0.9047929	0.8801727	0.9134304	0.99314487	0.88238317	0.9397308	0.94771504	0.7206443	0.9568044	0.7606437	0.9452315	0.95897347	0.9430785	0.97202474	0.90586853	0.99341923	0.9303078	0.94939756	0.97291076	0.78854185	0.9898196	0.78257775	0.96183336	0.9179	0.8931606	0.8147146	0.98359	0.9471429	0.953752	0.9209695	0.98431635	0.9239439	0.8969102	0.7892437	0.9703042	0.9338334	0.9295677	0.94886225	0.89650875	0.8930433	0.96464086	0.8711279	0.84923816	0.24629664	0.9253293	0.9603932	0.88186485	0.89811957	0.92424923	0.9538115	0.7996131	0.95495814	0.7380501	0.92252105	0.8606275	0.89564997	0.97642565	0.84232956	0.943049
bedwing/verb	0.96221745	0.89861417	0.95687383	0.908367	0.9443745	0.9848329	0.9612203	0.9686068	0.9514656	0.9578775	0.9746499	0.9641856	0.94692695	0.0	0.94988203	0.99989593	0.9435206	0.93585426	0.93531823	0.9359616	0.9424694	0.9838614	0.9050794	0.9571472	0.9519677	0.923979	0.9422739	0.9287383	0.97778517	0.9735823	0.9815109	0.9628028	0.92934316	0.96360606	0.99002135	0.9510869	0.97355765	0.957569	0.9573985	0.95826733	0.94116265	0.9251441	0.9527539	0.9456886	0.95824873	0.95449334	0.99391377	0.9765285	0.93768466	0.9729498	0.9868404	0.8922608	0.9810941	0.98874795	0.9270481	0.98009545	0.96835846	0.9607406	0.97846264	0.9417666	0.96698153	0.93914634	0.99184483	0.9542488	0.96133703	0.9716894	0.9697869	0.9607075	0.93176085	0.95510995	0.97009486	0.9614551	0.9742031	0.96415025	0.9317309	0.92221195	0.9641938	0.9779247	0.99049896	0.9639415	0.9796945	0.9373645	0.95933324	0.9176223	0.9867655	0.9495856	0.9771877	0.92156947	0.9426575	0.94826883	0.9839389	0.9520425	0.9873998	0.9384827	0.9842745	0.9934063	0.9813684	0.9621809	0.97573924	0.9755919	0.96685356	0.9632085	0.99452364	0.9529929	0.95176095	0.982299	0.94657326	0.95018196	1.0	0.86842656	0.9745752	0.973257	0.9491437	0.94514865	0.92404574	0.93230927	0.9731892	0.9634854	0.9360576	0.9076459	0.9519019	0.97589624	0.99604565	0.94474065	0.9677852	0.9655434	0.93440884	0.934081	0.94015306	0.98042727	0.94664407	0.9490763	0.98773164	0.9853459	0.9838275	0.95640403	0.96747214	0.9627993	0.9439202	0.9694887	0.96411055	1.0	0.9551003	0.9277635	0.9454069	0.97554994	0.9618877	0.9406694	0.97967625	0.96839905	0.913346	0.98347944	0.99992406	0.9533133	0.9471649	0.9369004	0.96862686	0.94858664	0.92459005	0.984459	0.9762751	0.91903514	0.96352714	0.9621217	0.9187701	0.9305753	0.9894643	0.9670702	0.9489888	0.96083987	0.9295275	0.9608418	0.96743137	0.8840277	0.9319698	0.9690744	0.9696988	0.9307643	0.9571052	0.965217	0.93795884	0.9386543	0.9937528	0.9709981	0.95428073
begrijp/verb	0.97920156	0.88802516	0.9739005	0.86308706	0.8938248	0.8655141	0.8528283	0.8336624	0.8758044	0.9754653	0.85405004	0.90135133	0.934418	0.94988203	0.0	0.97211367	0.9266405	0.92113435	0.9368011	0.9556713	0.9066893	0.8327637	0.8283372	0.978483	0.95180464	0.8962073	0.93529195	0.8937134	0.94399804	0.88182485	0.91761	0.9810371	0.9810377	0.9935314	0.99497455	0.8866592	0.91048616	0.8632529	0.8241846	0.8538966	0.9263676	0.8592613	0.9232015	0.9335487	0.93330395	0.90613383	0.99896395	0.9298969	0.84785914	0.92499465	0.97170854	0.95743483	0.91831386	0.9421756	0.9731663	0.8801668	0.8712475	0.78203607	0.9582231	0.784511	0.8497966	0.87911993	1.0	0.96626645	0.83654	0.8790188	0.9667167	0.9412182	0.8854713	0.90609175	0.8657591	0.9078007	0.9381332	0.9319861	0.93503225	0.8813045	0.98671556	0.92982775	0.90817046	0.9865529	0.91605234	0.8721874	0.87547505	0.93398374	0.8927585	0.74198425	0.8851384	0.90815616	0.8612812	0.96255296	0.9286924	0.8475584	0.8802651	0.8349152	0.86201423	0.8130307	0.85739756	0.92275673	0.94278014	0.9099204	0.8703706	0.85666513	0.96759415	0.8249844	0.8481604	0.94787955	0.8988935	0.897818	0.99722683	0.897719	0.88141274	0.96480536	0.93127996	0.91344804	0.8265313	0.88764393	0.9115462	0.9779183	0.86042345	0.91004014	0.9038943	0.883095	0.86079824	0.9320075	0.93003976	0.8301383	0.8216485	0.8786383	0.8849096	0.97854286	0.89292645	0.86771125	0.9843433	0.96274626	0.9634457	0.91374373	0.8534747	0.8984802	0.8777327	0.9631107	0.8599574	0.9835231	0.8798189	0.8684261	0.9513129	0.9623889	1.0	0.91035736	0.85163695	0.90258336	0.88119566	0.9698628	0.9764534	0.90126485	0.90966445	0.95121735	0.95747256	0.93206465	0.906877	0.93628794	0.9620862	0.9290782	0.8856634	0.8897921	0.8855669	0.8750816	0.8438785	0.9054679	0.90827143	0.94927233	0.8711561	0.88942164	0.72857404	0.9480601	0.8854361	0.91513616	0.89749944	0.9809001	0.8439063	0.7366611	0.86547667	0.9004205	0.9606215	0.8529759	0.94286895
bestuur_crisis/noun	0.942976	0.9977278	1.0	0.94141775	1.0	0.9960449	0.98122674	0.9830399	0.9724077	0.9591033	1.0	0.9973705	0.97621787	0.99989593	0.97211367	0.0	0.98409116	0.9882778	0.9615049	0.9580087	0.97905695	0.96850705	0.99784577	0.98728484	0.9965975	0.99895304	0.98035365	0.93586427	1.0	0.9889305	1.0	0.9563773	0.9882971	0.9535369	0.97752863	0.9978093	0.97563535	0.9650858	0.9645139	0.9995613	0.983636	0.9958313	0.9987515	0.99801886	0.9889261	0.9978785	0.9974569	0.98625714	0.9515891	0.97926706	0.9881445	0.9870108	0.9955413	0.98405355	0.98090637	1.0	0.998341	0.9746744	0.9748981	0.94086224	0.99513674	0.9983092	0.90788126	0.9992928	0.98292863	0.9521363	0.98136073	0.98851055	0.9943136	0.97871655	0.9979962	1.0	0.991938	0.96525896	0.9986297	0.99484736	0.96665215	0.9929389	0.99607795	0.99970394	0.99161917	0.9442915	0.9577666	0.9890107	0.9829751	0.96116704	0.9978456	0.99739003	0.9369574	0.9966206	0.97038686	0.99172825	0.9575618	0.9957975	0.9678749	0.97692597	1.0	0.96553576	0.97822857	0.97438437	0.9999591	0.98442626	0.99671024	0.9609151	0.9927119	0.98170733	0.95913285	1.0	0.9924475	0.9785205	0.97812134	0.96857905	0.9948927	0.99093	0.98067665	0.9332211	0.96505964	0.99784046	0.9724876	0.9825988	0.98696136	0.97608876	1.0	0.9862628	0.9889387	0.9962716	0.96568805	0.9817385	0.99640167	0.97844064	0.9951091	0.9960926	0.989679	0.9818711	0.9914497	0.99102527	0.9960903	1.0	0.9481278	0.9891888	0.9983013	1.0	0.99429315	1.0	1.0	0.9819935	1.0	0.97971517	1.0	0.997073	0.98471427	0.98222035	0.9722817	0.9979009	0.9914294	0.99463683	0.98337096	0.98385835	0.99943733	0.9937889	0.99777234	0.992069	0.9960166	0.9857203	0.9740106	0.9890419	0.9646117	0.9960792	0.95083654	0.9705987	0.9953447	0.98968524	0.9235507	0.97353846	0.95481986	0.9942573	0.9829559	0.9993865	0.97879213	0.9754657	0.9680042	0.99668485	0.99985445	0.9724793	0.9668193
bevrijd/verb	0.98676604	0.781633	0.9406326	0.97736025	0.95053035	0.9381881	0.9369729	0.89397246	0.9396523	0.9798968	0.9367276	0.909547	0.9288633	0.9435206	0.9266405	0.98409116	0.0	0.9737133	0.8910253	0.94622093	0.9326551	0.94613576	0.86276716	0.9125788	0.9000374	0.8476513	0.80307907	0.93495923	0.9882849	0.9680649	0.96493554	0.95216185	0.945369	0.9664384	0.96485376	0.84794897	0.96648973	0.9284568	0.975397	0.94162005	0.94238496	0.8742914	0.9150993	0.9573602	0.94347566	0.960721	0.98341733	0.93663484	0.9418087	0.94310254	0.9432014	0.93309593	0.95263934	0.9827443	0.95877415	0.9157891	0.9732241	0.9333162	0.92893153	0.8587842	0.9490913	0.9278287	0.99931145	0.9045893	0.9395236	0.9243157	0.98016	0.9257444	0.89488477	0.8597708	0.9595149	0.9606967	0.9543182	0.95213395	0.9755431	0.9399433	0.9952453	0.985352	0.9460238	0.95080256	0.95176184	0.96522534	0.9387254	0.76642644	0.943272	0.9217038	0.96914256	0.8865634	0.9583093	0.94752127	0.90332335	0.9216842	0.9707171	0.95095325	0.9659731	0.9185313	0.92688894	0.9415492	0.941196	0.9325538	0.91874146	0.90317434	0.99150425	0.9637515	0.9129252	0.9703932	0.91791016	0.92648923	0.9998291	0.9282105	0.9326658	0.9691558	0.9244821	0.8362823	0.8814724	0.9565238	0.8913305	0.9346317	0.88011754	0.7576555	0.9630384	0.965945	0.9512727	0.95831263	0.8661662	0.95341605	0.8742414	0.86588454	0.86393076	0.9963746	0.97127557	0.9540175	0.9843872	0.9708687	0.97186476	0.92247325	0.96370417	0.9314416	0.88720185	0.9446199	0.921109	0.986677	0.96106464	0.8113383	0.85725844	0.9605409	0.98857456	0.93717664	0.94776106	0.9434907	0.93750995	0.96319133	0.9506042	0.89711535	0.87976587	0.946217	0.95537657	0.95843637	0.7963776	0.96586746	0.93951136	0.85682076	0.942465	0.9749083	0.8851218	0.87165236	0.9465702	0.9591606	0.9532894	0.9420417	0.9412388	0.90201783	0.94336784	0.8221688	0.94883895	0.9355812	0.9305204	0.95263433	0.9296978	0.9053822	0.96692765	0.92600656	0.9831067	0.9139757	0.95015794
boel/noun	0.99239004	0.94840854	0.9881661	0.94968843	0.97934693	0.95476794	0.9091217	0.9594412	0.91720176	0.9885499	0.9522426	0.94395846	0.9635512	0.93585426	0.92113435	0.9882778	0.9737133	0.0	0.9474751	0.9751072	0.9649625	0.9354188	0.93080485	0.9935394	0.94059205	0.9033332	0.9639656	0.95406085	0.9748838	0.9608158	0.9311831	0.9640783	0.99236846	1.0	0.96015006	0.9221134	0.9362809	0.98310333	0.9527415	0.94609827	0.96144235	0.92500955	0.9475769	0.9284357	0.94896346	0.9519533	0.99765664	0.96247977	0.9317965	0.9725961	0.97684395	0.98349756	0.99029297	0.99406266	0.979359	0.95633036	0.94043493	0.9448455	0.98044175	0.921934	0.9515444	0.9419568	0.9977385	0.9429649	0.90287834	0.9395623	0.97400695	0.9704389	0.9079981	0.9517015	0.9655443	0.94786453	0.9755139	0.95485646	0.95674706	0.9042405	0.98825264	0.9706888	0.9536138	0.9842884	0.96132123	0.9532566	0.9479661	0.96883816	0.9605953	0.9045615	0.9468129	0.9612752	0.92669386	0.9764736	0.9779162	0.952211	0.9569402	0.9217787	0.963864	0.90716916	0.9357944	0.95774275	0.9687416	0.95577145	0.92133754	0.93162566	0.99520636	0.9326997	0.9443725	0.9782465	0.930021	0.96772313	1.0	0.94936025	0.94104815	0.97555155	0.97049373	0.9533713	0.92419463	0.94551265	0.95364475	0.9483168	0.95557046	0.9539269	0.9637619	0.9627993	0.9384588	0.94046265	0.98910254	0.93143845	0.95071375	0.936223	0.92715394	0.91131765	0.9646135	0.9512767	0.99195087	0.9889659	0.98587763	0.92465156	0.9265056	0.96838105	0.9391063	0.9901157	0.9307966	0.99244016	0.96924686	0.93396026	0.97107303	0.98815596	0.99659646	0.92951006	0.9537782	0.96167815	0.9601242	0.9843611	0.9833036	0.9563187	0.9352363	0.9643165	0.9814573	0.959805	0.96503466	0.96449965	0.96939224	0.9545407	0.9309952	0.9360885	0.9471134	0.97400427	0.8921509	0.9628009	0.9565261	0.9603916	0.94863945	0.9644876	0.9071536	0.9367082	0.9391438	0.9609354	0.9446663	0.9923773	0.93898755	0.91114604	0.9579729	0.9521045	0.98137414	0.94315857	0.9756058
boer/noun	0.9762938	0.86733997	0.9566857	0.90930855	0.9450787	0.93014055	0.9192448	0.93740314	0.915589	0.98704106	0.9422801	0.85759056	0.77146953	0.93531823	0.9368011	0.9615049	0.8910253	0.9474751	0.0	0.87791735	0.93130213	0.8880282	0.8809574	0.9424766	0.8915026	0.9051394	0.83689564	0.8961914	0.9699314	0.96128726	0.95935494	0.9814797	0.92956424	0.9408422	0.95101404	0.9067807	0.9084539	0.91468394	0.8991211	0.95460796	0.8037293	0.8533369	0.89675933	0.8375514	0.92386895	0.9495619	0.97307235	0.9213369	0.92853653	0.88407344	0.95518684	0.87295	0.90317464	0.9410044	0.9703132	0.94132376	0.9848225	0.93293476	0.9478423	0.88272494	0.93713117	0.903684	0.99469733	0.9521897	0.9392918	0.9536407	0.9273729	0.8229028	0.91634935	0.88593113	0.9120879	0.9528973	0.8563991	0.84564507	0.94420964	0.92819494	0.9997486	0.9696939	0.9111471	0.9118521	0.8788655	0.8687405	0.907506	0.7612188	0.92427593	0.88382053	0.9382506	0.90919554	0.91969854	0.7595687	0.94320554	0.9393268	0.8949827	0.93825847	0.981175	0.9437392	0.94894445	0.8892628	0.93996024	0.94867676	0.9102336	0.92072964	0.9905031	0.9563885	0.886163	0.9430062	0.899631	0.9110283	0.9960122	0.92196655	0.89148104	0.9430075	0.7792218	0.90686077	0.9125864	0.9342087	0.9212469	0.95649856	0.89930606	0.7814264	0.9516587	0.918651	0.9526679	0.9115836	0.9184458	0.93074864	0.8609444	0.8853074	0.88436633	0.99137837	0.9357201	0.91570145	0.9900988	0.90467775	0.97121316	0.8737246	0.9433444	0.90578014	0.9308125	0.9784594	0.92245424	0.99554217	0.95178896	0.8624229	0.93019176	0.94723123	0.9657474	0.90246356	0.97215813	0.92418295	0.91613173	0.8778386	0.99420726	0.9519509	0.9109741	0.9552626	0.9763755	0.92488146	0.8128801	0.87516236	0.9671825	0.83730817	0.9396981	0.93028444	0.917323	0.8633622	0.9821496	0.94009405	0.9012923	0.7603207	0.9335309	0.9777873	0.9086929	0.8593218	0.9197654	0.9368042	0.9052255	0.97152746	0.8985561	0.9346172	0.9106679	0.91942596	0.98013884	0.8922525	0.9521618
