	1-1_gelijkspel/noun	Amerikaan/noun	Republikeins/adj	aanpak/noun	af/adv	alleen/adj	alleen/adv	allemaal/adv	alvast/adv	amateur_club/noun	ander/adj	arm/adj	baan/noun	bedwing/verb	begrijp/verb	bestuur_crisis/noun	bevrijd/verb	boel/noun	boer/noun	bouw/noun	bouw_op/verb	bovendien/adv	broer/noun	bruid/noun	buur/noun	carrière/noun	chauffeur/noun	club/noun	creativiteit/noun	daar/noun	dan/adv	designer/noun	dosis/noun	droog_leg/verb	drugsverslaafd/adj	duizenden/noun	dus/adv	en/adv	er/noun	even/adj	extra/adj	familie/noun	familie_lid/noun	fiets/noun	financier/verb	gang/noun	gedicht_DIM/noun	geld/noun	gelukkig/adj	gemeente_bestuur/noun	gestrand/adj	getroffen/adj	gezond/adj	gezondheidszorg/noun	ginds/adj	god/noun	goed/adj	graag/adj	handjevol/noun	heb/verb	het/noun	hier/adv	huis_bezitter/noun	humanitair/adj	iemand/noun	imago/noun	index/noun	job/noun	jongen/noun	jood/noun	juist/adj	kan/verb	kind/noun	klant/noun	kloof/noun	kom_voor/verb	lamentabele/adj	leer_aan/verb	lezer/noun	maaltijd/noun	maar/adv	maatregel/noun	mag/verb	man/noun	manier/noun	meen/verb	meer/adv	meisje/noun	meneer/noun	mens/noun	mentaliteit/noun	misschien/adv	moet/verb	natuurlijk/adj	niet/adv	niets/noun	niks/noun	nodig/adj	om/adj	ondersteun/verb	onmiddellijk/adj	ons/noun	oog_arts/noun	ook/adv	op/adj	opbouw/noun	organiseer/verb	ouder/noun	overkill/noun	overwinning/noun	partner/noun	passend/adj	persoon/noun	president/noun	probeer/verb	probleem/noun	proces/noun	professional/noun	red/verb	slachtoffer/noun	snel/adj	sociaal/adj	soms/adv	specialist/noun	spoor_op/verb	stap/noun	steun/verb	straf/noun	strijd/noun	structureer/verb	systeem/noun	taal/noun	taal_grens/noun	tekort/noun	therapeut/noun	tijdelijk/adj	toch/adv	toe/adv	tracht/verb	treed_in/verb	trouwens/adv	tussenstap/noun	uitstekend/adj	vader/noun	vaderland/noun	vakantieganger/noun	valk/noun	vang_op/verb	veel/adj	veiligheid/noun	ver/adj	verblijfsvergunning/noun	verstoot/verb	vertaal/verb	verzet/noun	vlot/adj	vooruit/adj	vooruit/adv	vrouw/noun	vul_in/verb	want/noun	weduwe/noun	weer/adv	weer/verb	weg/adj	weg/noun	wel/adv	wereld/noun	werk/noun	werknemer/noun	wijze/noun	wil/noun	wil/verb	word/verb	zaak/noun	zadel/noun	zal/verb	zeep/noun	zeker/adj	zelf/adv	zelfs/adv	zet_op/verb	zo/adv	zoek/verb	zogezegd/adj
1-1_gelijkspel/noun	0.0	0.9687563	0.96037817	0.8725012	0.9808289	0.9225721	0.932179	0.8126736	0.7809905	0.80111724	0.943671	0.8902359	0.95591235	0.8952407	0.94580126	0.9990369	0.98026997	0.8747847	0.96630716	0.9906267	0.9369051	0.9251696	0.93401307	0.8646055	0.6124804	0.9499179	0.97874826	0.80782276	0.95486283	0.7769307	0.87555903	0.9672808	0.8819606	0.99684024	0.99994487	0.9868958	0.81745464	0.9914253	0.89767367	0.9052097	0.9687877	0.91941035	0.83229595	0.8781868	0.95465595	0.9455549	0.93827903	0.91552424	0.7326169	0.8957682	0.97128314	0.9716282	0.9292302	0.98893476	0.6530074	0.9541874	0.85593444	0.9208558	0.93424773	0.8674865	0.89949894	0.8101849	0.99053323	0.9942418	0.88891035	0.9672585	0.9682207	0.8883709	0.8814506	0.9749264	0.83451664	0.8006741	0.97180223	0.9460771	0.5556174	0.9407735	0.9349659	0.96089774	0.86034054	0.9940608	0.9097705	0.9431675	0.7930087	0.94994503	0.9004115	0.809634	0.87395936	0.95858103	0.9464741	0.85927385	0.7928342	0.866426	0.8032849	0.9070338	0.7216469	0.79989	0.80072933	0.88850355	0.945896	0.9359901	0.84447014	0.8558266	0.9788268	0.8766251	0.98135495	0.96670544	0.8924236	0.9371696	0.96436924	0.8983679	0.92817587	0.9447721	0.93832684	0.984398	0.90186435	0.84097075	0.9874233	0.9805964	0.93086886	0.95973307	0.8503808	0.94314325	0.9556891	0.90900314	0.9717102	0.855419	0.9314234	0.9939168	0.83840555	0.92333996	0.98485565	0.97951	0.8228153	0.94373506	0.9699822	0.9697046	0.83930296	0.99577814	0.84737855	0.92967784	0.83399636	0.93905216	0.8576058	0.97719616	0.9733494	0.98301744	0.9322729	0.93003905	0.8434931	0.99015707	0.63380563	0.9558572	0.7678672	0.9585314	0.95983416	0.82277715	0.7094512	0.758519	0.98287565	0.6448347	0.8906902	0.9863156	0.9547077	0.9911843	0.891414	0.91165715	0.89878654	0.95691025	0.9971647	0.97045934	0.9229217	0.984199	0.85967666	0.918995	0.8723362	0.9757199	0.8233968	0.9581927	0.7363254	0.85896266	0.8852856	0.95403194	0.8328859	0.8376007	0.82844156
Amerikaan/noun	0.9687563	0.0	0.47772306	0.8729265	0.9689111	0.76646966	0.7987181	0.88924944	0.8253836	0.92368037	0.91287166	0.7108811	0.78750825	0.936375	0.841706	0.95566165	0.609228	0.83517784	0.51918983	0.8191824	0.92262155	0.8512156	0.91053116	0.9603542	0.88459086	0.8026087	0.63449883	0.8447555	0.85456306	0.90583545	0.9278162	0.95668846	0.9685525	0.754439	0.8936521	0.7088599	0.9116308	0.9810183	0.8353687	0.91934645	0.9188669	0.8318466	0.7966065	0.91550165	0.8401749	0.97403705	0.871679	0.849669	0.8796206	0.79229087	0.78184927	0.7895923	0.9391372	0.9111916	0.9629222	0.79317975	0.88310766	0.87402064	0.8389404	0.811376	0.9461095	0.855395	0.8548457	0.831217	0.8537427	0.8164319	0.8923526	0.8509871	0.80967474	0.41465294	0.91135734	0.7997774	0.8167168	0.7815151	0.8762122	0.8208763	0.94434524	0.930049	0.763365	0.88276887	0.7418934	0.81251454	0.8908804	0.7210932	0.89069885	0.81433153	0.9168742	0.81951386	0.8130417	0.5830067	0.94093245	0.8313152	0.78526306	0.8905206	0.86892825	0.8797183	0.9069846	0.88582575	0.95240104	0.79745895	0.8071178	0.5917667	0.93500525	0.88032824	0.8975193	0.9536196	0.86924744	0.8530189	0.92325014	0.87979025	0.94468975	0.9632417	0.71508294	0.58865595	0.70699775	0.8879117	0.8204525	0.7418151	0.7099682	0.6546581	0.8239904	0.90235186	0.9047289	0.8306973	0.8458627	0.9571436	0.537171	0.9059175	0.6651075	0.8915404	0.86731005	0.8523362	0.91893655	0.94783366	0.9334742	0.83550084	0.83738685	0.97898924	0.67253405	0.9170867	0.7727315	0.8885308	0.9282545	0.88257235	0.8157307	0.5756237	0.91859996	0.8564342	0.83200014	0.8424775	0.9300213	0.8657805	0.93984026	0.96498865	0.44394487	0.80474865	0.9506438	0.8536288	0.7503273	0.90991753	0.93100584	0.82574207	0.90722644	0.83335364	0.822431	0.78440833	0.8839893	0.7253193	0.91032684	0.8634087	0.7801485	0.88477373	0.6974918	0.6609926	0.924078	0.81374866	0.7222291	0.9095944	0.92656857	0.8306545	0.90112686	0.8523159	0.8307215	0.9668596	0.79306763
Republikeins/adj	0.96037817	0.47772306	0.0	0.8872078	0.9638568	0.8850015	0.9121827	0.9824751	0.86171037	0.9328295	0.92587364	0.83549386	0.95533323	0.96830237	0.9684459	0.9093803	0.863238	0.9113387	0.75409174	0.88035405	0.92481494	0.8859655	0.7842244	0.87207216	0.89748	0.8983043	0.89782786	0.8604163	0.9167428	0.9906022	0.9714038	0.9738898	0.99348974	0.815901	0.91373736	0.8970505	0.96986663	0.9784445	0.9611036	0.91971666	0.92701566	0.835369	0.78142345	0.83996576	0.7898336	0.95619196	0.97961247	0.91202605	0.9373611	0.75530803	0.93553543	0.83320284	0.949494	0.93157715	0.97437155	0.92552483	0.940023	0.96776104	0.8279697	0.8883852	0.9605303	0.9755282	0.9050122	0.8485957	0.97411114	0.8563348	0.8968211	0.9626552	0.9649089	0.7862879	0.9212527	0.9272833	0.923344	0.92301226	0.97302204	0.9361795	0.920082	0.96074337	0.9362853	0.97989845	0.88854486	0.8419422	0.9798107	0.9129378	0.9082114	0.8018685	0.95114076	0.9438384	0.8516299	0.84637696	0.96726036	0.9442837	0.89462787	0.9579945	0.9664354	0.9903207	0.98185	0.93743014	0.8735528	0.6462347	0.9213129	0.8766547	0.89121115	0.95346147	0.9514767	0.8017789	0.8402862	0.8587512	0.97961396	0.7152056	0.92227876	0.8899472	0.92859703	0.24188691	0.8436824	0.97794086	0.76028734	0.8283315	0.9355868	0.8663098	0.96622527	0.8733918	0.94771487	0.8859326	0.9387553	0.9289241	0.41601133	0.90214497	0.4389572	0.8594234	0.9034092	0.9191417	0.9696454	0.93764216	0.94816285	0.93212014	0.94314134	0.9702903	0.8232393	0.95350736	0.94896436	0.9482272	0.87046766	0.8819666	0.79027176	0.8237381	0.8522257	0.94388443	0.97503644	0.9818676	0.92151815	0.94911075	0.91527045	0.9784061	0.5065696	0.9162061	0.93364453	0.92908543	0.88504463	0.96280235	0.93608075	0.7222352	0.88745385	0.77183324	0.9096807	0.95081633	0.97421753	0.9730834	0.9869537	0.9007599	0.89416414	0.9154491	0.8526818	0.8142308	0.9575804	0.51662683	0.82199734	0.8392092	0.9290524	0.86562574	0.85876274	0.9286651	0.933648	0.9750094	0.92838275
aanpak/noun	0.8725012	0.8729265	0.8872078	0.0	0.88716644	0.76003456	0.8294294	0.79193985	0.80645466	0.9148514	0.8617554	0.87734735	0.8500262	0.90600556	0.9179276	0.94586253	0.9590269	0.89065456	0.8810599	0.8434432	0.8288739	0.739259	0.9776561	0.9165454	0.7654435	0.8501425	0.8161168	0.70056206	0.73637986	0.8598381	0.8880086	0.86626655	0.6432285	0.91017663	0.6016287	0.9590102	0.8078796	0.93618655	0.89830816	0.9139569	0.81056523	0.95723796	0.80156803	0.92299116	0.75863683	0.93803775	0.9403737	0.77227163	0.90725446	0.7729563	0.9112541	0.8902847	0.82342076	0.6011379	0.80343837	0.94241524	0.79741716	0.90450466	0.9603998	0.7656987	0.79691094	0.8146007	0.90163285	0.7118288	0.86894184	0.8249825	0.9633891	0.8156565	0.91785717	0.86349404	0.67291963	0.85278296	0.915725	0.8653742	0.94114035	0.7564992	0.79334277	0.7866943	0.810039	0.73945606	0.92690665	0.6512636	0.897045	0.9278132	0.5652169	0.81871223	0.88006526	0.96687895	0.8354442	0.78826433	0.4810726	0.8259615	0.79593295	0.84405696	0.85488987	0.88175535	0.84751594	0.6898987	0.91076773	0.6447607	0.8852075	0.8401051	0.91628224	0.7733153	0.8379787	0.6011567	0.7420409	0.79122734	0.8215991	0.88774633	0.65679204	0.8706222	0.7941026	0.89617205	0.88219696	0.60377645	0.78726614	0.8741922	0.93840915	0.94272083	0.8904085	0.69176406	0.731923	0.8699925	0.79636043	0.8251828	0.6663827	0.853045	0.80751157	0.8212539	0.76197445	0.7332566	0.86249924	0.85724735	0.6822037	0.890639	0.89106315	0.90103364	0.8989309	0.94344735	0.73202217	0.9063952	0.7653322	0.9948611	0.9498582	0.9217659	0.93604696	0.7702372	0.6990129	0.66825163	0.8901838	0.8675122	0.8967734	0.81665075	0.7832391	0.7749325	0.786791	0.84863895	0.9720059	0.8582308	0.88279593	0.9766904	0.91348237	0.76981175	0.9649732	0.7672954	0.8344744	0.8651337	0.75852305	0.8942688	0.62373567	0.72563165	0.8144151	0.8539737	0.76080817	0.8731707	0.77170086	0.9405643	0.8545637	0.91671234	0.8723833	0.8760909	0.8466703	0.7435945	0.7030942
af/adv	0.9808289	0.9689111	0.9638568	0.88716644	0.0	0.8697516	0.83681774	0.8265094	0.8856891	0.80706733	0.954556	0.9378015	0.99012977	0.951465	0.8871912	0.99576557	0.9797736	0.84132373	0.9757158	0.99101555	0.9704464	0.90650624	0.99200374	0.97324395	0.8563869	0.9405622	0.9225675	0.930203	0.9287716	0.872725	0.6423083	0.93445253	0.938233	0.968183	0.8770027	0.973778	0.8503127	0.42713636	0.70749533	0.568673	0.9610578	0.9325983	0.92236835	0.82337886	0.9712583	0.9605885	0.74108815	0.92423415	0.8127235	0.9554124	0.9335454	0.96541774	0.8754484	0.91705215	0.90253747	0.9493732	0.8722035	0.7938146	0.9469892	0.8917342	0.81968796	0.8346819	0.95309514	0.9502715	0.5397037	0.94409305	0.95697176	0.9043944	0.91151375	0.9674594	0.91527236	0.8134682	0.90086573	0.946813	0.96766984	0.6822963	0.7855059	0.9095847	0.7002866	0.81828606	0.73161197	0.9764126	0.72981226	0.9715148	0.8554917	0.8933668	0.87480414	0.9529411	0.8428397	0.8880001	0.856292	0.74712455	0.79403603	0.81854564	0.83371496	0.9366977	0.9179698	0.8449762	0.77144754	0.92901796	0.9394609	0.90023744	0.9804548	0.70600474	0.95175457	0.85168546	0.8851316	0.92011595	0.92960125	0.95828235	0.96130204	0.959145	0.9354244	0.9733703	0.8123162	0.92489916	0.9437911	0.7725727	0.9414227	0.97243774	0.8928035	0.94689155	0.7837043	0.97758	0.9527348	0.89382917	0.9415247	0.96408725	0.9754754	0.8838494	0.9321094	0.8994252	0.96264154	0.95764077	0.9034209	0.93733054	0.68838036	0.46468002	0.9253424	0.9757472	0.8425596	0.96053404	0.93221486	0.9860206	0.98727804	0.9299462	0.9204067	0.7977321	0.8777166	0.9821622	0.8962869	0.9653983	0.8808716	0.8588893	0.9804174	0.89926934	0.9225688	0.87079823	0.9626712	0.9431901	0.8717885	0.98743504	0.5820459	0.93853587	0.9821846	0.9246098	0.6100757	0.96148	0.9587846	0.98166776	0.8864877	0.91786563	0.85943794	0.9000804	0.926618	0.92393255	0.86376536	0.9043775	0.90880626	0.827413	0.59091157	0.7786677	0.6212467	0.9372364	0.92204773
alleen/adj	0.9225721	0.76646966	0.8850015	0.76003456	0.8697516	0.0	0.37404317	0.623952	0.7136798	0.81307995	0.7791517	0.7042315	0.82260656	0.75209486	0.60890794	0.92954177	0.80628777	0.7483432	0.77197826	0.8320394	0.8593606	0.6008737	0.85892636	0.8355262	0.8730235	0.8375224	0.90339583	0.7420804	0.816625	0.6648928	0.65167856	0.9207808	0.85201085	0.78968847	0.70843744	0.6970277	0.5312244	0.8687936	0.652466	0.763211	0.74076027	0.7732326	0.7684442	0.89459175	0.7728238	0.8923011	0.7470271	0.6880101	0.5785357	0.8141289	0.8795496	0.81299376	0.80114216	0.73513466	0.8049307	0.7164906	0.71905893	0.6505446	0.7000545	0.69442415	0.61203057	0.67227507	0.6705313	0.6737175	0.61637294	0.8867426	0.8424755	0.81915843	0.8176418	0.6891227	0.825203	0.5744604	0.6994623	0.7883622	0.9170325	0.5336057	0.9441793	0.70582306	0.7480962	0.8371452	0.5998049	0.75322115	0.619099	0.80481124	0.74960375	0.7736014	0.34300685	0.8464014	0.8044299	0.6052883	0.822695	0.64414084	0.67561597	0.634312	0.5813715	0.742257	0.7405678	0.64147663	0.7874714	0.7428401	0.7508422	0.6943536	0.8938217	0.5418656	0.83991826	0.8986483	0.8478678	0.7111188	0.8840857	0.9507165	0.8402524	0.876304	0.8816678	0.8956327	0.72138214	0.6234469	0.81778204	0.69857204	0.7145101	0.84363806	0.7617056	0.7363924	0.6577623	0.8101981	0.7395881	0.8776481	0.7581105	0.7778686	0.8427204	0.80860853	0.7195418	0.7621826	0.8843901	0.8056433	0.7558278	0.761434	0.5643346	0.86549586	0.7779473	0.88136595	0.66812086	0.86789155	0.8258786	0.8561418	0.80673677	0.8675159	0.8952033	0.7191818	0.54945993	0.790569	0.8288848	0.7375348	0.78162295	0.7768756	0.864454	0.8415736	0.9120533	0.79674125	0.7439796	0.79313624	0.89007914	0.83188474	0.8192334	0.7146609	0.92520297	0.8580749	0.58027434	0.61978036	0.8183509	0.85188985	0.8742418	0.735143	0.64454544	0.7437407	0.7813579	0.94550294	0.632416	0.9273249	0.72344935	0.5919813	0.61214876	0.784183	0.6950807	0.79022104	0.7287535
alleen/adv	0.932179	0.7987181	0.9121827	0.8294294	0.83681774	0.37404317	0.0	0.66931236	0.76831913	0.77086836	0.7970828	0.76434994	0.87268317	0.80654854	0.6542115	0.93315184	0.8432372	0.742217	0.76046175	0.95131356	0.84295547	0.69184685	0.9131937	0.88319254	0.8469838	0.87767863	0.90370506	0.68015474	0.8075329	0.68096435	0.6357458	0.9241876	0.85596883	0.838754	0.87101436	0.80529094	0.554736	0.7797155	0.65687096	0.64549536	0.80401206	0.8111208	0.89838016	0.8705495	0.7537597	0.8436475	0.78217775	0.7316679	0.5989152	0.9085256	0.87647414	0.88638866	0.74594396	0.7457645	0.7851389	0.7366862	0.65912616	0.66151386	0.6348078	0.7661402	0.6744014	0.726074	0.8044004	0.76034313	0.63081956	0.8306364	0.9322456	0.895056	0.87195855	0.7603894	0.8068652	0.6238769	0.8253226	0.79921883	0.86152595	0.6495042	0.88300216	0.78576326	0.6949638	0.8071992	0.6755337	0.8811361	0.65341353	0.84188014	0.74877405	0.8064694	0.5024624	0.8652892	0.8070758	0.67696834	0.78372574	0.6503345	0.65766037	0.70765144	0.6866801	0.80475974	0.7127049	0.73228663	0.7021353	0.77131504	0.8576648	0.64591146	0.88460356	0.55220073	0.9135538	0.8785304	0.8007725	0.81319237	0.84366345	0.963508	0.89315057	0.92545116	0.8750668	0.9302255	0.66413885	0.774246	0.84275275	0.7239286	0.7697891	0.8795674	0.7960278	0.8712164	0.7129491	0.8326297	0.8397666	0.8335285	0.79153836	0.8493787	0.8556563	0.8796512	0.8590673	0.8362919	0.888038	0.87577623	0.9043808	0.7759879	0.53380454	0.81157225	0.81978166	0.94996834	0.75060153	0.83557093	0.77819663	0.8620393	0.86659247	0.88460255	0.87868434	0.83887607	0.6401534	0.8199928	0.8447546	0.85901326	0.8990465	0.8599504	0.8092383	0.84758323	0.87955314	0.75460505	0.8241098	0.7634292	0.81137544	0.8842788	0.79156595	0.80999315	0.9422325	0.89550406	0.68192923	0.6509223	0.8463459	0.910561	0.82207847	0.7649019	0.6772096	0.7670664	0.8619907	0.89575374	0.7312093	0.8363756	0.7715265	0.6484114	0.64555633	0.89206433	0.6833458	0.8639696	0.76073885
allemaal/adv	0.8126736	0.88924944	0.9824751	0.79193985	0.8265094	0.623952	0.66931236	0.0	0.7254973	0.856978	0.7570703	0.8052621	0.89000654	0.74670887	0.47551078	0.96868145	0.8109579	0.631768	0.8654393	0.96597624	0.7282669	0.65230215	0.9322714	0.84375083	0.75495356	0.88952774	0.8581879	0.7324278	0.77927303	0.49201763	0.43594766	0.8637789	0.80092734	0.8105655	0.8633991	0.88291705	0.4255619	0.83645034	0.4709602	0.5176014	0.901193	0.89704144	0.8465586	0.8241875	0.83948565	0.83550227	0.6392065	0.71237355	0.44262642	0.90642947	0.8218522	0.9488336	0.68525624	0.8064246	0.63980436	0.6997798	0.47627378	0.5405468	0.8430227	0.5028144	0.54494727	0.45331097	0.93390375	0.9615212	0.488257	0.7440164	0.95660615	0.8079394	0.65924025	0.8665383	0.7494086	0.5223712	0.83285886	0.72992265	0.8208197	0.64495057	0.90881044	0.7097565	0.57787025	0.8665103	0.55069447	0.9371199	0.5261848	0.8806112	0.69098496	0.80352545	0.72103584	0.7868747	0.65676534	0.59410405	0.61799455	0.4634443	0.5939853	0.4784317	0.50925094	0.5171819	0.4423712	0.70807046	0.6302484	0.8248111	0.84122914	0.660127	0.9412024	0.47819066	0.8828944	0.8982899	0.7990018	0.76749367	0.7100935	0.8049545	0.8560948	0.92031187	0.8665105	0.9569805	0.70581794	0.74034977	0.8092147	0.7987166	0.772006	0.8667663	0.6371219	0.9093979	0.60715497	0.92836696	0.87591153	0.88064826	0.8797859	0.89529717	0.9292235	0.7587453	0.83170915	0.7318779	0.7523596	0.9254488	0.9037586	0.9190328	0.3668158	0.8889705	0.83344567	0.8313849	0.56057197	0.8212842	0.7078693	0.8680809	0.90914786	0.90288335	0.9383882	0.80523574	0.42131716	0.9251108	0.7923377	0.8894944	0.763026	0.80648226	0.9154884	0.6450309	0.75727296	0.7000742	0.8813191	0.8181305	0.70034033	0.95069194	0.69124484	0.82057816	0.88637197	0.7666508	0.4561116	0.6879902	0.8052783	0.93765765	0.7831977	0.7250476	0.5878881	0.8198474	0.79545057	0.8953698	0.5340719	0.79881	0.5463433	0.62722224	0.67915654	0.83866316	0.49666137	0.78161	0.6514121
alvast/adv	0.7809905	0.8253836	0.86171037	0.80645466	0.8856891	0.7136798	0.76831913	0.7254973	0.0	0.7755424	0.80175084	0.87721694	0.81999725	0.86689794	0.69631803	0.9024087	0.916998	0.77647024	0.8091171	0.7606835	0.83407605	0.6854912	0.94119185	0.91824883	0.8063642	0.58492255	0.86472327	0.6954326	0.8092525	0.7159537	0.7166881	0.75504935	0.8409772	0.9455839	0.9189862	0.8452878	0.6129981	0.96775395	0.7855108	0.7815847	0.8439467	0.8602318	0.87143075	0.8189763	0.8195047	0.8044907	0.93897724	0.8044734	0.6470541	0.6674425	0.833277	0.8386138	0.89477587	0.9099977	0.5660709	0.8642481	0.7728741	0.76418304	0.94536066	0.74730337	0.8726744	0.74504495	0.8980262	0.8292328	0.80953133	0.7623385	0.94365305	0.76869226	0.8329956	0.90609026	0.7528399	0.72379625	0.87120473	0.77043086	0.7804003	0.7831801	0.9020862	0.8426072	0.78665	0.83754516	0.6624743	0.7493489	0.8420691	0.938656	0.8020117	0.67917156	0.750915	0.88657594	0.9143483	0.85217434	0.7941978	0.6358413	0.7537263	0.6634437	0.7324412	0.8125072	0.79179865	0.7010329	0.78561044	0.8004215	0.7123474	0.7327517	0.86415476	0.7473464	0.7177726	0.8733986	0.80113137	0.8863292	0.9681935	0.81878984	0.9092854	0.78914076	0.94359004	0.86878043	0.78404456	0.8559203	0.7774644	0.89331925	0.83850205	0.9572216	0.7703994	0.86096907	0.8106513	0.9413677	0.91952574	0.50613296	0.8328137	0.8879023	0.76331866	0.79996794	0.8523025	0.8530833	0.88576293	0.92706406	0.90621525	0.81936395	0.665893	0.9141001	0.8505628	0.86113006	0.6077727	0.8231607	0.82451296	0.9160305	0.9403976	0.8138844	0.9078041	0.7480998	0.7624489	0.83102596	0.45846522	0.8688666	0.93255717	0.8267177	0.86058563	0.6073935	0.60153115	0.62126744	0.93470883	0.7412435	0.7884381	0.93500066	0.6986265	0.7027823	0.698337	0.645326	0.7979467	0.7539765	0.74583745	0.862813	0.8376148	0.80568904	0.679286	0.87637293	0.77159	0.81037444	0.7341437	0.8246661	0.71585584	0.70652103	0.75460637	0.8353141	0.72755337	0.8050096	0.7868463
amateur_club/noun	0.80111724	0.92368037	0.9328295	0.9148514	0.80706733	0.81307995	0.77086836	0.856978	0.7755424	0.0	0.8774712	0.7071657	0.92007583	0.85167956	0.8949268	0.95180273	0.9225901	0.88816786	0.78581846	0.9629436	0.88772494	0.8268917	0.9979155	0.97494745	0.9273298	0.83974284	0.96940047	0.6764803	0.91471136	0.804208	0.80505145	0.92102647	0.8255123	0.9542712	0.92414653	0.9366206	0.75710726	0.8406563	0.78183323	0.84264123	0.89727944	0.9233782	0.91015816	0.952801	0.847994	0.92869204	0.8972064	0.7963966	0.8014532	0.842891	0.98949355	0.96021295	0.7692857	0.8272556	0.870638	0.92332387	0.8423707	0.84524643	0.8995068	0.81282264	0.87758225	0.90263087	0.8523983	0.9405431	0.7989867	0.8333404	0.97687596	0.9491004	0.83932674	0.90081745	0.92643154	0.7819849	0.8295789	0.8762725	0.7261829	0.8349794	0.9526102	0.8087864	0.8516702	0.7990866	0.7770916	0.94304496	0.79203147	0.91194475	0.8334356	0.8940181	0.80412984	0.9048729	0.8689025	0.7430271	0.85158056	0.8187263	0.84216094	0.79347897	0.7917046	0.8653319	0.87653804	0.81414646	0.9258669	0.78339434	0.8695599	0.8905178	0.96190995	0.772395	0.84514165	0.8027335	0.8407161	0.8794443	0.90030414	0.842377	0.94202995	0.9609295	0.8983017	0.9675065	0.8197583	0.88640106	0.80100656	0.88614154	0.86247957	0.9293558	0.8551848	0.89535856	0.8804558	0.96608335	0.95475584	0.8394349	0.8924574	0.95276797	0.9366378	0.706823	0.9644884	0.95777225	0.8047285	0.95541114	0.90031886	0.9485698	0.7561223	0.9555857	0.8378534	0.8872425	0.81424046	0.8801995	0.93969554	0.97219217	0.9379949	0.96543896	0.96406853	0.91500163	0.7922239	0.95614266	0.78451556	0.9368045	0.93576825	0.9223875	0.95161253	0.8930736	0.63759315	0.64823854	0.9108987	0.89205676	0.910618	0.86730886	0.8295184	0.92672145	0.7963459	0.856677	0.77272385	0.7519249	0.9522968	0.91784495	0.9427958	0.88806874	0.80670255	0.9092955	0.89603686	0.97071517	0.77091753	0.9536022	0.8734699	0.85723263	0.7901389	0.9019518	0.80000436	0.85358304	0.8696292
ander/adj	0.943671	0.91287166	0.92587364	0.8617554	0.954556	0.7791517	0.7970828	0.7570703	0.80175084	0.8774712	0.0	0.7832607	0.74282557	0.80191565	0.6004423	0.8444862	0.76449	0.87810165	0.83541703	0.90324074	0.8333857	0.7675517	0.8168085	0.8258337	0.7363715	0.96939766	0.8115484	0.82022387	0.7790735	0.7250985	0.7881645	0.8075567	0.88892585	0.86151963	0.70874214	0.6603553	0.6767107	0.92257005	0.7658295	0.85492957	0.7564211	0.75776005	0.68747175	0.8567965	0.8465553	0.8402159	0.7834238	0.8254921	0.75218385	0.8104181	0.7883723	0.742959	0.6712942	0.8381986	0.69605964	0.8517637	0.6711359	0.7609194	0.71323836	0.66633904	0.87244	0.6538752	0.8628433	0.8352906	0.74643254	0.86416346	0.9376621	0.68444645	0.7615179	0.8176845	0.5712031	0.71743643	0.7047827	0.70989	0.8521227	0.79368216	0.66155666	0.6463296	0.7936838	0.93333924	0.8506085	0.8645468	0.7264457	0.82736266	0.78606516	0.766352	0.8876345	0.7722708	0.9327653	0.7192451	0.73230875	0.8476553	0.6845163	0.6648002	0.92815405	0.85310453	0.8157033	0.7975584	0.79970145	0.69661057	0.8167229	0.7735251	0.8548183	0.74886835	0.7924819	0.8630239	0.85144484	0.6857593	0.8320818	0.9539296	0.7272022	0.63010466	0.8003761	0.9658355	0.67752314	0.7292522	0.86470324	0.79442215	0.6998312	0.73711133	0.76940054	0.668669	0.68486035	0.7697755	0.7101611	0.90598375	0.79926306	0.88122654	0.8344172	0.6136621	0.85412204	0.7530271	0.64655685	0.80575526	0.71490467	0.7295544	0.80352485	0.96077424	0.70203954	0.878851	0.8209786	0.78414714	0.6288874	0.8293078	0.8049786	0.76318324	0.8620994	0.7332437	0.743052	0.76728	0.776493	0.83233845	0.90271384	0.5924902	0.8821025	0.75368714	0.8695557	0.83437335	0.7626882	0.6502477	0.9235108	0.8313134	0.91308457	0.7690021	0.8791264	0.76042336	0.87691617	0.8118571	0.7107168	0.7196388	0.8944794	0.7402291	0.72343755	0.7171895	0.9187871	0.92083776	0.7707118	0.8982004	0.78571075	0.68890417	0.7450566	0.8527111	0.91258323	0.517379	0.74976003
arm/adj	0.8902359	0.7108811	0.83549386	0.87734735	0.9378015	0.7042315	0.76434994	0.8052621	0.87721694	0.7071657	0.7832607	0.0	0.9003935	0.84448045	0.8304719	0.9186939	0.5956501	0.86391973	0.5305004	0.83944094	0.89181864	0.83681256	0.7056057	0.7140496	0.73048496	0.90489197	0.8568515	0.7671671	0.8796735	0.9227807	0.90482986	0.9450822	0.93176395	0.87175864	0.74868387	0.6491585	0.89768034	0.9725554	0.9211981	0.9281832	0.82973146	0.6145227	0.6025654	0.88796794	0.7856874	0.9657079	0.80257195	0.6544161	0.7109675	0.85757095	0.79943347	0.6001378	0.71157706	0.7583041	0.855913	0.75050026	0.86242783	0.8126217	0.64980984	0.7787772	0.9219193	0.7686157	0.90081537	0.82788205	0.897014	0.7457557	0.95261854	0.87876827	0.6206374	0.60343385	0.90822875	0.7864383	0.5593238	0.85029685	0.64301515	0.7392719	0.87058514	0.7926443	0.9096607	0.872313	0.86341804	0.86072516	0.82210803	0.6217487	0.8426287	0.88325727	0.80623704	0.55277926	0.80800104	0.6911036	0.88727087	0.8937505	0.79602456	0.87437993	0.89471316	0.94108224	0.9372314	0.887374	0.904973	0.680837	0.8126658	0.7270688	0.9256997	0.88990194	0.8751063	0.8987303	0.83607966	0.59761924	0.85582995	0.92977357	0.805175	0.94955695	0.81352663	0.8368926	0.70441616	0.8212091	0.8099334	0.8259964	0.70270723	0.51452017	0.78429234	0.7572416	0.8277225	0.92468613	0.7539863	0.84579206	0.669006	0.93077844	0.79724145	0.7588394	0.8287526	0.84199	0.884302	0.86295176	0.8095857	0.9248235	0.8839037	0.9551054	0.73815894	0.83848524	0.914181	0.8449267	0.95606226	0.70085824	0.7440709	0.8457768	0.8997077	0.7522862	0.74055874	0.8087125	0.81289726	0.8838637	0.64016247	0.9611214	0.76919675	0.8546476	0.8233797	0.87039405	0.5726348	0.9310098	0.94655883	0.5407826	0.8902128	0.8540611	0.9026996	0.93045247	0.93820757	0.5882325	0.9272696	0.8507039	0.8622097	0.78690016	0.7153918	0.7791097	0.8702614	0.9266568	0.83453834	0.8641417	0.8962406	0.7830693	0.8539464	0.8398889	0.9063394	0.84760195	0.6243073
baan/noun	0.95591235	0.78750825	0.95533323	0.8500262	0.99012977	0.82260656	0.87268317	0.89000654	0.81999725	0.92007583	0.74282557	0.9003935	0.0	0.9061015	0.88321745	0.9556484	0.91350996	0.85859436	0.7465752	0.6374458	0.80687004	0.76144147	0.9721886	0.86313367	0.92434293	0.8879416	0.79971474	0.8088126	0.9108648	0.86035323	0.8404292	0.8361364	0.8772921	0.80716515	0.91021645	0.5728918	0.729195	0.97063214	0.89440626	0.8638415	0.6403952	0.9182985	0.8068176	0.90631753	0.79323125	0.9433363	0.9195472	0.7412169	0.8972571	0.7641628	0.79589087	0.7782343	0.8629872	0.73999345	0.9012972	0.91900754	0.83666795	0.9041759	0.88883466	0.8539501	0.8471204	0.8198712	0.7258357	0.872143	0.8134072	0.8454777	0.96978456	0.27428007	0.88767415	0.82116747	0.74981153	0.7473559	0.89396787	0.6610422	0.953272	0.8807903	0.91407514	0.90300727	0.79434884	0.8507248	0.8220603	0.54738665	0.86256886	0.9000935	0.6744248	0.8749024	0.9071801	0.9138363	0.9556114	0.67416537	0.87880206	0.7637995	0.62688214	0.90802723	0.89733964	0.8936314	0.9104587	0.78394055	0.96128166	0.7703435	0.83288825	0.8361171	0.9268122	0.9100877	0.7714566	0.9590191	0.87966186	0.93788344	0.9645969	0.9647012	0.69147974	0.62011844	0.7495265	0.9254798	0.83321476	0.75082266	0.8796459	0.8652934	0.78361297	0.84559	0.81002235	0.7563119	0.83232987	0.8423719	0.8741358	0.9046702	0.9495785	0.67314583	0.9757701	0.8800384	0.7536074	0.89995533	0.9167181	0.6980435	0.8625721	0.5552963	0.84113204	0.9896182	0.839904	0.8615004	0.797648	0.76317364	0.86170155	0.9709876	0.8548475	0.77820027	0.9393595	0.7870064	0.791658	0.6446879	0.88269013	0.70727617	0.959176	0.90814364	0.8196505	0.8902749	0.9714953	0.9524009	0.8828807	0.70723546	0.923323	0.94726497	0.89530796	0.86554927	0.82786894	0.60687435	0.8557153	0.83004934	0.4880715	0.4236685	0.65872455	0.9011768	0.7932732	0.68511194	0.8824346	0.8636068	0.6878432	0.972229	0.8809968	0.81440103	0.903214	0.87672246	0.8344067	0.6031846	0.8812863
bedwing/verb	0.8952407	0.936375	0.96830237	0.90600556	0.951465	0.75209486	0.80654854	0.74670887	0.86689794	0.85167956	0.80191565	0.84448045	0.9061015	0.0	0.68688726	0.9581426	0.7022398	0.7718729	0.92901397	0.9951321	0.8299293	0.77889633	0.8544141	0.88358223	0.90525913	0.92663044	0.7500122	0.89747226	0.8322627	0.80403346	0.7647712	0.9450387	0.8718832	0.8812583	0.83130944	0.960804	0.7454021	0.9651736	0.8071822	0.76613647	0.8596235	0.96361226	0.8854871	0.8656262	0.88936067	0.94571966	0.8995913	0.81473327	0.79458594	0.87610406	0.7613746	0.79905045	0.74544656	0.93687063	0.72862494	0.8619512	0.7997364	0.92623615	0.9226237	0.83798265	0.89092034	0.7989866	0.9360014	0.9650329	0.76265585	0.799328	0.6430788	0.8913459	0.8157422	0.8891708	0.7099237	0.803219	0.9185482	0.75455546	0.62984264	0.86079	0.8095832	0.76989824	0.7920488	0.95223844	0.87873244	0.9230089	0.80623823	0.8422446	0.67256284	0.98303735	0.7812531	0.9036216	0.8555053	0.8133677	0.8587085	0.8263442	0.8153535	0.81238	0.80657655	0.8267051	0.8596459	0.7574499	0.85396135	0.8668988	0.80989873	0.8366458	0.94323915	0.8214363	0.87305945	0.9225415	0.9605543	0.9092889	0.7836593	0.75627065	0.91156805	0.8426278	0.92917955	0.88726574	0.8543329	0.7590873	0.8961044	0.94008905	0.68086666	0.8833003	0.7361771	0.9357465	0.81014085	0.96488273	0.6643361	0.97197056	0.9410164	0.936246	0.9493904	0.8263543	0.72935313	0.8714154	0.80828077	0.9434716	0.8665148	0.92880416	0.759753	0.95957446	0.85077757	0.8797641	0.9078614	0.89356583	0.8267658	0.94765216	0.9269358	0.88510156	0.96636796	0.82748103	0.7781594	0.85793746	0.8712308	0.85597	0.8905621	0.7787111	0.9316186	0.8355603	0.836354	0.7642373	0.8957145	0.76569057	0.9263071	0.91862774	0.82841074	0.7269162	0.9093617	0.74865997	0.8510262	0.76961935	0.863825	0.94973207	0.866267	0.7023909	0.84683293	0.8506798	0.8376465	0.9024622	0.7667159	0.88024956	0.88416916	0.83400774	0.815663	0.84467673	0.66602767	0.8893794	0.8257509
begrijp/verb	0.94580126	0.841706	0.9684459	0.9179276	0.8871912	0.60890794	0.6542115	0.47551078	0.69631803	0.8949268	0.6004423	0.8304719	0.88321745	0.68688726	0.0	0.9356798	0.79556096	0.8215151	0.8907816	0.9328503	0.8495347	0.6274055	0.8693191	0.92629856	0.8366007	0.9243835	0.895965	0.8960888	0.85493517	0.37266654	0.5249523	0.91417766	0.87817085	0.85329175	0.92710686	0.8252542	0.47524822	0.88288736	0.41479886	0.67323506	0.93503004	0.8781224	0.9085166	0.9182031	0.93478334	0.925727	0.65844953	0.820787	0.5662776	0.90918106	0.9136223	0.90242404	0.78876585	0.9231828	0.7121345	0.74301994	0.6622497	0.58449686	0.7507256	0.47823495	0.57895017	0.43608546	0.94391286	0.9703336	0.6491388	0.7482987	0.91557884	0.8554775	0.7462096	0.874119	0.70169497	0.5826919	0.78976625	0.8250846	0.79485	0.6809192	0.8517873	0.7035572	0.5158167	0.9152294	0.55075216	0.88891935	0.5647492	0.85704774	0.72568506	0.78108865	0.7364844	0.8346658	0.71354055	0.7444577	0.7107935	0.42652893	0.6957333	0.49435675	0.6493548	0.56419927	0.58069134	0.747205	0.80335784	0.888858	0.77990544	0.67654103	0.87277097	0.5692884	0.83252835	0.92015934	0.93078846	0.78800035	0.7325845	0.92653114	0.9223244	0.9096361	0.9365444	0.8682313	0.7634113	0.7588054	0.90110886	0.82889426	0.7410457	0.8738171	0.8037428	0.953965	0.5393224	0.90766096	0.83573574	0.92987436	0.87940526	0.92431885	0.9474502	0.70305645	0.81566566	0.72688264	0.75443923	0.97117585	0.82047695	0.9331389	0.4293489	0.87199074	0.85845405	0.8565782	0.55056095	0.83926517	0.8173839	0.8496316	0.8512571	0.9307575	0.90099835	0.79159343	0.6133301	0.93634033	0.8330343	0.8450661	0.8155534	0.63238835	0.9045602	0.7752954	0.9110414	0.84297967	0.8904516	0.761875	0.82045126	0.9002134	0.83237994	0.8049913	0.91999567	0.85242975	0.58097756	0.77307415	0.8702919	0.97026515	0.8737731	0.6404985	0.64509773	0.86081696	0.8032508	0.94542545	0.64669275	0.92583144	0.59147954	0.5813273	0.65101117	0.9049638	0.5891336	0.7772478	0.6769899
bestuur_crisis/noun	0.9990369	0.95566165	0.9093803	0.94586253	0.99576557	0.92954177	0.93315184	0.96868145	0.9024087	0.95180273	0.8444862	0.9186939	0.9556484	0.9581426	0.9356798	0.0	0.95809084	0.97863597	0.7596198	0.946079	0.9294262	0.8970928	0.9401501	0.95407915	0.913155	0.95521003	0.8716041	0.96689767	0.9665516	0.9597074	0.9630849	0.97051835	0.8811315	0.9852403	0.94422895	0.9349246	0.9194527	0.9968511	0.9556875	0.9099153	0.9501504	0.7959414	0.8397652	0.8798524	0.8944479	0.9656163	0.9659221	0.88894373	0.8913659	0.8494777	0.8675443	0.8915722	0.9510703	0.9031292	0.96817535	0.9621465	0.8837061	0.9963796	0.942692	0.8709317	0.95413774	0.9664165	0.9210669	0.84551275	0.9189515	0.9686436	0.7271998	0.9367795	0.9754846	0.96370184	0.9123457	0.72835183	0.92676383	0.78339666	0.8308771	0.8961142	0.95183825	0.90302116	0.9259771	0.9890207	0.9186189	0.78760004	0.97511864	0.9717492	0.9442543	0.93960816	0.7910098	0.970811	0.90726316	0.88101625	0.8568287	0.96303517	0.84065455	0.9273954	0.77991885	0.93040866	0.9427446	0.94580173	0.938243	0.795744	0.8555289	0.9606912	0.95929563	0.93461484	0.98419774	0.96684283	0.94570297	0.850376	0.90791214	0.9237892	0.9502624	0.9154355	0.8872812	0.952838	0.7466203	0.9513552	0.9955809	0.92880446	0.93806046	0.88184285	0.74785745	0.88684493	0.88743716	0.9320832	0.8859488	0.9687283	0.8704871	0.94509864	0.91711557	0.9125823	0.89952207	0.9303865	0.9623742	0.9731994	0.9380538	0.89439994	0.9555397	0.9943294	0.7195108	0.9733779	0.92045474	0.8809661	0.91660583	0.92220986	0.9705194	0.85489094	0.9554679	0.8530696	0.96156037	0.91821885	0.9703398	0.96365637	0.949502	0.9447193	0.98276126	0.8242049	0.99313086	0.9661973	0.96646947	0.9347431	0.9859832	0.94274104	0.9432803	0.9283828	0.8492223	0.96014374	0.9344611	0.830017	0.90786994	0.791205	0.9539175	0.9497166	0.9148294	0.88396096	0.97616464	1.0	0.90973485	0.97546136	0.93914056	0.94490194	0.92419964	0.7816278	0.9647573	0.8788888	0.8442062
bevrijd/verb	0.98026997	0.609228	0.863238	0.9590269	0.9797736	0.80628777	0.8432372	0.8109579	0.916998	0.9225901	0.76449	0.5956501	0.91350996	0.7022398	0.79556096	0.95809084	0.0	0.786826	0.7903269	0.9829733	0.77249	0.8566454	0.76536727	0.7955171	0.8140179	0.8479886	0.6132661	0.88839114	0.81576234	0.9110833	0.8881785	0.9237047	0.9280058	0.6713361	0.8834934	0.5896343	0.8965485	0.97332925	0.92777807	0.9051553	0.92401826	0.7375252	0.6403218	0.85510683	0.8590261	0.9524198	0.8798473	0.83692217	0.79186493	0.9149788	0.6072173	0.6973958	0.81223124	0.91751444	0.8910717	0.69542164	0.8870654	0.7946938	0.68210804	0.781245	0.96335346	0.8590071	0.9772242	0.9149928	0.8269845	0.68902266	0.964854	0.8997856	0.66472393	0.5671858	0.7996283	0.8722	0.7259844	0.692317	0.73374003	0.88105804	0.9170996	0.76460004	0.82665694	0.8335802	0.90082633	0.91570354	0.88769454	0.55969954	0.8377106	0.91583323	0.8930037	0.6691059	0.91664726	0.7967779	0.8744097	0.9111586	0.82404673	0.85421085	0.91741043	0.92115515	0.92231894	0.9422661	0.9222946	0.7710566	0.70564187	0.6389818	0.9455228	0.918774	0.87781626	0.83119476	0.91598773	0.75352794	0.77715945	0.9257675	0.9042797	0.87039715	0.7466799	0.80630565	0.5709126	0.9228679	0.853085	0.9418113	0.43359596	0.5664247	0.79699945	0.95694023	0.87931246	0.98425597	0.5183698	0.9784869	0.7437146	0.814927	0.86646485	0.8836655	0.9327709	0.8514823	0.9357992	0.91560787	0.8233754	0.9149044	0.8740897	0.97783375	0.66405475	0.86936575	0.9752117	0.9265816	0.9281864	0.71662056	0.7002861	0.6479219	0.96460176	0.6283897	0.785106	0.8179034	0.9046942	0.81338423	0.7354313	0.8546132	0.79217577	0.77565986	0.9296054	0.76205605	0.6104586	0.78464556	0.9771687	0.656988	0.8716903	0.6811278	0.83753985	0.7020459	0.91393703	0.7038976	0.9496356	0.94310987	0.7901605	0.8404521	0.81553394	0.7729484	0.90759164	0.93020445	0.8072568	0.8510534	0.94139034	0.8068728	0.9236626	0.82249665	0.83341855	0.7809616	0.6193754
boel/noun	0.8747847	0.83517784	0.9113387	0.89065456	0.84132373	0.7483432	0.742217	0.631768	0.77647024	0.88816786	0.87810165	0.86391973	0.85859436	0.7718729	0.8215151	0.97863597	0.786826	0.0	0.84253764	0.89092726	0.6207701	0.800672	0.90700865	0.89481413	0.86062247	0.8170921	0.8167494	0.8145715	0.8277293	0.8063835	0.59962636	0.9277671	0.7551665	0.91006005	0.90967846	0.8914591	0.7000972	0.8215711	0.75652486	0.64441806	0.83157706	0.9109882	0.86593485	0.7985443	0.82196736	0.7112284	0.82479393	0.65913314	0.61473924	0.84076214	0.75073624	0.96499765	0.7684519	0.85023755	0.7601123	0.8524362	0.76315	0.75859773	0.7958104	0.6810568	0.808306	0.5781731	0.89941895	0.9467519	0.628264	0.6798416	0.8803353	0.8079736	0.81007385	0.7626696	0.80926836	0.6229342	0.87362695	0.77621377	0.8352918	0.82065946	0.9356015	0.7494494	0.79718524	0.783395	0.61989164	0.89794946	0.75681716	0.8419879	0.73358417	0.9395715	0.8213202	0.86823344	0.85474527	0.65891826	0.8059928	0.7310181	0.6026987	0.65881294	0.7976668	0.8371924	0.81076974	0.75929296	0.6593847	0.89391583	0.8833755	0.65131223	0.95825356	0.7003993	0.8566518	0.913813	0.82355845	0.90983886	0.85470647	0.8973724	0.9007818	0.91745234	0.8822261	0.9383295	0.5753397	0.8641044	0.87391096	0.8061566	0.62959844	0.9073189	0.68913823	0.86402076	0.7823879	0.8936023	0.878801	0.8947049	0.90813607	0.94603693	0.93697643	0.76728016	0.80562246	0.8382578	0.9051352	0.8641036	0.89572716	0.90741444	0.620552	0.8653641	0.7123245	0.8206115	0.8558867	0.87065506	0.8048085	0.93935955	0.8765282	0.8472444	0.9318215	0.8527317	0.75798243	0.93300486	0.87121105	0.85027957	0.8521831	0.9064597	0.92196643	0.7273283	0.8306264	0.73990357	0.87625915	0.7814384	0.9014263	0.9349997	0.5557834	0.76364106	0.89221257	0.8221408	0.6878849	0.76539034	0.875672	0.8981955	0.73324645	0.8498772	0.70701146	0.7695607	0.7020012	0.7993838	0.6824343	0.54850304	0.7772846	0.65663207	0.7971174	0.68634075	0.66238916	0.86572224	0.7710036
boer/noun	0.96630716	0.51918983	0.75409174	0.8810599	0.9757158	0.77197826	0.76046175	0.8654393	0.8091171	0.78581846	0.83541703	0.5305004	0.7465752	0.92901397	0.8907816	0.7596198	0.7903269	0.84253764	0.0	0.78380203	0.8197072	0.82143193	0.8712813	0.8791538	0.7681137	0.89244044	0.8125287	0.70936	0.9366746	0.9338871	0.9273891	0.92252344	0.8987865	0.7968314	0.89723533	0.71555686	0.8483696	0.97654366	0.890185	0.92745703	0.84595454	0.56315273	0.69570124	0.9548226	0.71181303	0.9270329	0.91097504	0.7816597	0.8020194	0.7229781	0.7710413	0.61432886	0.8371951	0.792061	0.9178447	0.88899297	0.867657	0.9045393	0.849048	0.8677376	0.9667573	0.87395656	0.8559409	0.75666666	0.84750515	0.7999867	0.91651887	0.80544585	0.7661855	0.680586	0.8984304	0.87764084	0.7715453	0.6964421	0.7615383	0.84466225	0.94127774	0.9121325	0.8161298	0.91266185	0.76658905	0.64661264	0.8601495	0.7929333	0.83593905	0.78989166	0.8989077	0.815111	0.86012167	0.5843564	0.9011005	0.8500149	0.8034956	0.8698021	0.8997328	0.9138261	0.9066728	0.85837966	0.8209697	0.6331878	0.78911424	0.78331923	0.8821	0.870165	0.7966488	0.934675	0.79655766	0.7255763	0.88258415	0.96864015	0.88403946	0.86417985	0.7437628	0.8444865	0.7882255	0.93197525	0.7915261	0.80125964	0.84836185	0.7346685	0.87225986	0.8523259	0.90294385	0.8612652	0.8966647	0.93125427	0.6429431	0.9179754	0.758973	0.8499015	0.85907686	0.8846072	0.88249505	0.9560074	0.94557095	0.7640189	0.87058413	0.98381895	0.8678101	0.8359714	0.789259	0.80509377	0.83336383	0.86926454	0.80494744	0.6808026	0.7545758	0.83347535	0.7933762	0.86264014	0.9128707	0.89679784	0.9520856	0.94983804	0.62440795	0.8518813	0.92655665	0.93423367	0.8057939	0.885289	0.9618354	0.74735343	0.93419915	0.853871	0.7506535	0.8404397	0.9189768	0.7311578	0.9010886	0.677739	0.8095292	0.89047617	0.7848079	0.7428069	0.9659649	0.9156159	0.82640064	0.87433696	0.9667282	0.8687722	0.8483513	0.8536023	0.8860463	0.9176339	0.82572633
