	Albanees/noun	Amerika/name	Amerikaan/noun	Anthuenis/noun	Arabier/noun	Bardot/name	Barend/name	Blair/name	Borms/name	Boudewijn/name	Charlie/name	Cools/name	Cézanne/name	Derksen/name	Duitser/noun	EU/name	Engelsman/noun	Frank/name	Friesland/name	Irving/name	Leys/name	Linda/name	Mona/name	Mondriaan/name	Mussolini/name	NAVO/name	Nederlander/noun	Olympische/name	Reagan/name	Schenk/name	Sperwer/name	Syriër/noun	Tutsi/noun	VS/name	Waal/noun	Wout/name	aartsvijand/noun	al/comp	alles/noun	als/comp	ander/noun	anderzijds/adv	armband/noun	baas/noun	daarna/pp	dat/det	destijds/adv	die/det	diep/adj	ding/noun	dirigent/noun	eigenlijk/adj	elkaar/pron	en/vg	erg/adj	erom/pp	etiket/noun	evenzeer/adv	fel/adj	film/noun	geit/noun	gelijkelijk/adv	genocide_wet/noun	gevoel/noun	geweld/noun	gewoon/adj	gezeik/verb	gij/pron	haar/pron	hartgrondig/adj	hartstochtelijk/adj	heb_lief/verb	hem/pron	hen/pron	het/det	hier/adv	hij/pron	hoe/noun	hoewel/comp	huis_werk/noun	iedereen/pron	ik/pron	immigrant/noun	in/adv	inmiddels/adv	intens/adj	islam/noun	je/pron	jezelf/pron	jodendom/noun	jood/noun	journalist/noun	jullie/pron	kerst/noun	kind/noun	klus/noun	kunst/noun	laconiek/adj	liefde/noun	maandag/noun	maar/vg	man/noun	me/pron	men/pron	mens/noun	meute/noun	mezelf/pron	mij/pron	misschien/adv	moeder/noun	moslim/noun	muziek/noun	namelijk/adv	natuurlijk/adj	niet/adv	om/comp	om/prep	omdat/comp	ongelijkheid/noun	ons/noun	ons/pron	oorlog/noun	oprichter/noun	overigens/adv	overzee/pp	pas/noun	perfectie/noun	platteland/noun	politiek/noun	pop_ster/noun	premier/noun	president/noun	prietpraat/noun	prostituee/noun	ras/noun	realiteit/noun	regel_DIM/noun	regelrecht/adj	sinds/comp	soms/adv	sprookje/noun	staat/noun	stad/noun	stilaan/adv	strafschop/noun	super_held/noun	systeem/noun	tegenstander/noun	tennis/noun	terwijl/comp	toch/adv	toerist/noun	tuig/noun	type/noun	u/pron	vader/noun	van/pron	vanwege/prep	vergadering/noun	vijand/noun	voetbal/noun	volk/noun	voordracht/noun	vrede/noun	vrijheid/noun	vrouw/noun	waarschijnlijk/adj	wanneer/comp	wat/pron	we/pron	wegens/prep	wereld/noun	wij/pron	winkel/verb	woord/noun	ze/pron	zichzelf/pron	zij/pron	zo/adv	zoals/comp	zozeer/adj	zwart/adj
Albanees/noun	0.0	0.70045185	0.7776852	0.9744769	0.7004905	0.8958125	0.9672724	0.85361946	0.9630464	0.95801204	0.9756881	0.86465234	0.980675	0.9572437	0.8812511	0.6813054	0.8831065	0.9770977	0.956366	0.9221209	0.968938	0.9793581	0.9749496	0.9798815	0.95348984	0.5154178	0.75129455	0.9936883	0.8817045	0.99529046	0.98223126	0.7734852	0.37284487	0.6322515	0.9182322	0.97820616	0.6659702	0.92125535	0.94800377	0.8492281	0.9768909	0.7878884	0.97348833	0.85322505	0.9131843	0.95975465	0.8904346	0.8941397	0.91287816	0.95808125	0.8976327	0.96436876	0.7016945	0.65094507	0.96184814	0.8732133	0.98111093	0.83682024	0.8241248	0.895096	0.9764093	0.6851448	0.941359	0.8682306	0.244681	0.95687985	0.85990816	0.9292274	0.8603771	0.9048809	0.9164227	0.81293064	0.90633255	0.7409501	0.90651685	0.8538982	0.91915417	0.85483295	0.79172504	0.9540625	0.81142694	0.94929284	0.7817211	0.801985	0.8495711	0.9349548	0.7732917	0.9611547	0.9402108	0.87297785	0.59891933	0.7696857	0.85345125	0.78352153	0.8018171	0.9107466	0.8677519	0.9837793	0.83114356	0.87413764	0.9368467	0.82725406	0.96327746	0.94545734	0.899984	0.74519825	0.9529758	0.9495936	0.9611926	0.86534905	0.566005	0.93201864	0.764663	0.9447267	0.9512862	0.8325205	0.87600744	0.85983306	0.8973371	0.8093633	0.88993585	0.51433885	0.9752297	0.9629558	0.8539862	0.9838226	0.95490265	0.8640077	0.8004841	0.9273508	0.8635156	0.7556433	0.9901337	0.87251955	0.7024622	0.89377964	0.9351163	0.8317345	0.54226184	0.8833141	0.95213467	0.57972145	0.8278338	0.9826304	0.9310144	0.8635126	0.9744159	0.75477684	0.9189347	0.7323179	0.95232385	0.8092626	0.88881767	0.987928	0.9743466	0.8582337	0.8498026	0.8316217	0.9457914	0.6942636	0.93934166	0.7926313	0.9623401	0.5712477	0.828297	0.827701	0.903223	0.8400346	0.91381806	0.8979993	0.7485949	0.8125838	0.772961	0.91667366	0.9039302	0.910873	0.87917495	0.740295	0.95065254	0.892766	0.82641554	0.7710629
Amerika/name	0.70045185	0.0	0.48086894	0.93440557	0.5282903	0.93233645	0.95356715	0.7482532	0.9434797	0.9415641	0.9174559	0.792459	0.965667	0.8627076	0.7336181	0.657972	0.687819	0.94587713	0.9099873	0.859552	0.98717725	0.96296567	0.93788487	0.96788126	0.8672646	0.6418054	0.6864473	0.87025565	0.5877935	0.9708953	0.89717823	0.7211298	0.6967313	0.3607599	0.93154925	0.98430383	0.7380169	0.91488564	0.865911	0.821607	0.9339193	0.7536511	0.9147073	0.7928165	0.92679715	0.90519214	0.7284934	0.7645463	0.7967405	0.9108166	0.8694273	0.79092646	0.7467773	0.6696464	0.77358425	0.7587192	0.9140654	0.7135565	0.7220783	0.69858336	0.97503245	0.89472693	0.8951525	0.8173826	0.5739857	0.87121373	0.8747921	0.86276907	0.83036226	0.8800864	0.8835816	0.88361657	0.68858117	0.7264546	0.95250374	0.7586323	0.7587305	0.89774215	0.6458773	0.9615971	0.84727323	0.9276131	0.4383906	0.6646135	0.6296452	0.8977663	0.6102648	0.8765502	0.88259506	0.7377112	0.5586478	0.82817197	0.82928646	0.8603058	0.8401145	0.85620254	0.8369794	0.91858983	0.8728863	0.90754545	0.8627128	0.88667613	0.91864014	0.75293136	0.850279	0.92779356	0.9015336	0.87491834	0.91869444	0.9391368	0.55688614	0.8048365	0.70644236	0.77098024	0.8821674	0.8447027	0.9146412	0.81943244	0.7577121	0.7586611	0.82512593	0.43870556	0.85539013	0.77408093	0.5944644	0.90775275	0.8143495	0.87489283	0.69026226	0.76709956	0.7205759	0.5305078	0.8914334	0.85416746	0.76538664	0.77166295	0.886688	0.5964438	0.5649404	0.8792862	0.8872899	0.54943585	0.877159	0.9473929	0.9765077	0.7306813	0.77151597	0.660746	0.8606181	0.7250006	0.8921395	0.78703517	0.92768854	0.9337491	0.9151812	0.77504516	0.93447256	0.772163	0.89763755	0.35522884	0.86355	0.6214827	0.9777252	0.44767058	0.6318573	0.86663735	0.8068222	0.79677916	0.88763547	0.9428193	0.7871212	0.5583222	0.8223711	0.9090452	0.86132514	0.84478104	0.70441103	0.77030617	0.8799176	0.72060496	0.71709704	0.65915954
Amerikaan/noun	0.7776852	0.48086894	0.0	0.92778295	0.550912	0.8966775	0.9787512	0.79785484	0.8111412	0.9577936	0.7643985	0.98195815	0.9729522	0.8634325	0.3988961	0.775179	0.49632955	0.7926597	0.92444617	0.6602074	0.97716755	0.89330626	0.9620745	0.9601716	0.8532903	0.67251253	0.4864018	0.90769947	0.7165264	0.950946	0.93232036	0.730432	0.86063814	0.49502736	0.76401466	0.94636893	0.7414069	0.89809716	0.86419994	0.795504	0.85203	0.89571124	0.8691225	0.7561612	0.80688065	0.89792186	0.71978354	0.7530085	0.8030847	0.8837636	0.85715103	0.85626423	0.73044986	0.6752129	0.79079753	0.7892441	0.829098	0.77972084	0.62473357	0.8391681	0.9709438	0.79329145	0.6323719	0.85908663	0.644547	0.7938694	0.8575549	0.84929454	0.772797	0.9210403	0.682985	0.86856335	0.72100794	0.6514688	0.89447844	0.7293923	0.74175763	0.88098437	0.5559502	0.9486241	0.81769	0.86054516	0.49961108	0.7654147	0.63906455	0.8576557	0.74807	0.86714375	0.8418614	0.7873632	0.4410138	0.86704165	0.7872999	0.81376016	0.8553196	0.9446853	0.8900397	0.71448475	0.84002393	0.9126235	0.8730227	0.8285171	0.8863615	0.77519	0.7890897	0.8432666	0.8640939	0.8486112	0.90438616	0.89033157	0.5670624	0.8035964	0.8663536	0.85567135	0.8789857	0.82758653	0.9049721	0.734308	0.90401685	0.74155337	0.8039291	0.5338463	0.84440434	0.78981245	0.7437111	0.91746575	0.8803196	0.89581436	0.7027833	0.90783465	0.71983093	0.6688804	0.94879603	0.8540033	0.76937973	0.8006184	0.86793053	0.8075338	0.56505907	0.8714708	0.88383657	0.707705	0.82889664	0.93782556	0.8957376	0.83194584	0.90014875	0.6547421	0.9142889	0.64352584	0.90178657	0.6580476	0.84509474	0.918102	0.87903166	0.7314067	0.9472184	0.6574961	0.89531577	0.569857	0.8944937	0.63632953	0.9697472	0.63881075	0.69095075	0.8306381	0.7254411	0.8260976	0.8838343	0.8871182	0.69739974	0.705559	0.74748385	0.84362966	0.82292354	0.78486717	0.6077386	0.70291615	0.83280015	0.60648745	0.62815905	0.6874628
Anthuenis/noun	0.9744769	0.93440557	0.92778295	0.0	0.94691604	0.9965214	0.99176544	0.95578045	0.96917635	0.8932803	0.92434835	0.97309434	0.9866467	0.9683505	0.91769326	0.9859361	0.8921505	0.92902106	0.9846254	0.83142126	0.9730621	0.99625	0.9265135	0.99009085	0.97210205	0.9665486	0.9449621	0.86088026	0.9447283	0.9340714	0.9787887	0.93277854	0.97607195	0.97243667	0.95650697	0.7964406	0.9217928	0.6665535	0.83615446	0.7871216	0.89861584	0.9271492	0.9825156	0.92767525	0.9414692	0.7152202	0.8785027	0.7823341	0.65668017	0.6593306	0.90914226	0.7933866	0.8833564	0.9467032	0.6754275	0.84769946	0.835966	0.5607197	0.90179896	0.9110481	0.994505	0.97708523	0.92615056	0.6589851	0.9365527	0.8324239	0.907395	0.95156026	0.88599575	0.9142951	0.90172285	0.85873723	0.7262007	0.92292917	0.87590075	0.7957091	0.72211134	0.90130126	0.7646651	0.91727424	0.8085385	0.6509724	0.961146	0.92806023	0.9481816	0.6368202	0.9534629	0.8257375	0.79635596	0.96514326	0.9367158	0.8807857	0.6580409	0.8887221	0.96435606	0.97508156	0.9311974	0.5257118	0.833797	0.9945723	0.642439	0.96791744	0.6034729	0.7842183	0.85099596	0.9521397	0.8358432	0.756403	0.7286797	0.931999	0.92581433	0.8541151	0.84303725	0.74960685	0.7208578	0.91096205	0.873596	0.8582387	0.8757163	0.8760453	0.7387537	0.94368845	0.937265	0.58221287	0.99627215	0.97273767	0.8994562	0.9549068	0.8903699	0.9132514	0.901459	0.9387283	0.91290534	0.98214495	0.9113654	0.87791467	0.9159162	0.916299	0.8795442	0.68489647	0.8876059	0.94116676	0.98403716	0.62831366	0.9830822	0.9201797	0.8856552	0.91969633	0.80905235	0.9205509	0.73853195	0.9514176	0.9317001	0.88824296	0.91692114	0.9407945	0.88207877	0.77618086	0.9621062	0.896989	0.66132164	0.90792775	0.856095	0.9596482	0.87115	0.9794125	0.9242022	0.8462164	0.80955404	0.7966738	0.98326254	0.9720198	0.7548322	0.9592427	0.7523728	0.7842541	0.78839326	0.8630449	0.67847013	0.882138	0.9177358	0.9368653
Arabier/noun	0.7004905	0.5282903	0.550912	0.94691604	0.0	0.8965262	0.99032	0.8569519	0.961273	0.9706832	0.9186677	0.9629399	0.96234393	0.9884295	0.59278953	0.82205504	0.69796383	0.9697061	0.9284783	0.79117626	0.99415773	0.9713486	0.90714276	0.9786329	0.8666685	0.75683904	0.72712237	0.99772704	0.889233	0.9744165	0.90596855	0.64674604	0.751942	0.6935178	0.8483685	0.97527426	0.7797447	0.9153096	0.8933808	0.8156421	0.8732791	0.6845264	0.8811608	0.9306773	0.85344255	0.8829471	0.7896422	0.8414312	0.6984776	0.86499053	0.96941453	0.87903816	0.72011805	0.6163316	0.84694076	0.7264565	0.77522856	0.59781843	0.7542065	0.90974927	0.9502789	0.75090647	0.88040423	0.7495874	0.49252552	0.8346539	0.7714806	0.84373045	0.88238645	0.8961303	0.73194075	0.8107637	0.86709607	0.72951436	0.7725229	0.7211802	0.85841954	0.8149444	0.70980585	0.88905776	0.84026134	0.919224	0.38999653	0.7983148	0.8973255	0.8392181	0.35654837	0.87581986	0.8179103	0.43790483	0.21759772	0.93218994	0.7183213	0.75868714	0.8815408	0.9679686	0.8634671	0.92642057	0.72097176	0.9971024	0.85793006	0.886762	0.91002417	0.8402166	0.8153534	0.83872855	0.89162606	0.88086766	0.8872908	0.8855743	0.24916983	0.8558235	0.86317515	0.84141755	0.8733641	0.82336146	0.8774912	0.72440994	0.80962676	0.6966415	0.77175385	0.39566785	0.979572	0.89556336	0.6112947	0.97035605	0.84840393	0.8891987	0.79484886	0.8859705	0.9644903	0.84749335	0.9203472	0.7447424	0.571355	0.76264757	0.8635601	0.8232101	0.7780985	0.8409145	0.81514716	0.44390482	0.8051467	0.87852633	0.934765	0.7988068	0.9489544	0.7416444	0.9538011	0.72537386	0.8799747	0.8604578	0.8735894	0.8827819	0.92343366	0.90867513	0.9025532	0.8082192	0.9713567	0.49687237	0.9297889	0.4875493	0.8774801	0.5085063	0.6245389	0.81594557	0.8510752	0.8262675	0.81446445	0.85461736	0.7265454	0.5656251	0.69088185	0.887844	0.8192633	0.8393722	0.6944767	0.69339514	0.81759393	0.6775895	0.8564769	0.50374454
Bardot/name	0.8958125	0.93233645	0.8966775	0.9965214	0.8965262	0.0	0.86754096	0.9534193	0.95384717	0.9787155	0.9445761	0.99104685	0.96328807	0.8138226	0.984961	0.9558077	0.98527503	0.9911113	0.97303516	0.94827455	0.96773696	0.76274335	0.41839135	0.9509453	0.91816807	0.95957917	0.9433496	1.0	0.971109	0.9871465	0.99087644	0.886073	0.9557912	0.93425405	0.95820254	0.83393973	0.9696454	0.9602174	0.959808	0.90514714	0.97914207	0.75752366	0.9033675	0.840177	0.8458218	0.9892869	0.826213	0.92844355	0.9613228	0.9700418	0.98870194	0.9710574	0.79236066	0.8034188	0.96442974	0.9603882	0.9691122	0.9156212	0.74522793	0.72850466	0.9593347	0.9472507	0.96586746	0.93095887	0.87968403	0.9642646	0.9241166	0.95811754	0.73924136	0.62856895	0.921673	0.9432303	0.7577578	0.8594084	0.9411806	0.9237442	0.8595466	0.9666387	0.8491115	0.98141015	0.90159655	0.8878904	0.9412476	0.83440167	0.6891893	0.96011513	0.8292244	0.949747	0.9926509	0.9220946	0.88663465	0.9752472	0.97289664	0.92316633	0.9256432	0.9901272	0.8396667	0.9849393	0.8781916	0.6662746	0.8418312	0.77403605	0.92604226	0.8510176	0.9305918	0.91623366	0.82933027	0.9432409	0.9562938	0.8345516	0.68630135	0.8558835	0.97875726	0.9016129	0.9653524	0.9629275	0.89680934	0.8513312	0.9381812	0.944167	0.97306794	0.91346604	0.9820636	0.9016102	0.9751209	0.9983276	0.77380633	0.976726	0.80333275	0.9032939	0.96129954	0.94596756	0.98628855	0.7967045	0.9733321	0.9313863	0.9870707	0.96741366	0.9239183	0.93264365	0.9591381	0.8840931	0.9715843	0.8614739	0.9351091	0.8932839	0.9848375	0.86803085	0.96964955	0.8342737	0.9180699	0.9833855	0.99534893	0.88581836	0.9402655	0.8910359	0.9712387	0.790252	0.82507837	0.9467344	0.9856163	0.8309436	0.9636152	0.95371985	0.9364957	0.7040732	0.8745097	0.8551387	0.9539622	0.94344467	0.94745415	0.8607063	0.9324756	0.94965047	0.9568931	0.89847016	0.7082072	0.74926937	0.83280987	0.8093373	0.9353936	0.90138483
Barend/name	0.9672724	0.95356715	0.9787512	0.99176544	0.99032	0.86754096	0.0	0.9222434	0.97883654	0.5822792	0.9390068	0.91824144	0.96781546	0.39722556	0.9781434	0.9744126	0.8816499	0.716579	0.7701517	0.96810776	0.9979987	0.8521011	0.67124414	0.9783969	0.92479926	0.9936333	0.75873214	1.0	0.9563197	0.91432333	0.9750413	0.9661459	0.9860703	0.9963708	0.9457254	0.80895656	0.988005	0.9766066	0.9764964	0.97960293	0.999094	0.98060256	0.96587694	0.8390446	0.88383406	0.97206664	0.7803767	0.9710594	0.95425075	0.9610004	0.7395587	0.926491	0.96406615	0.7136187	0.98519933	0.95036745	0.9951174	0.9687437	0.97170556	0.9261041	0.9506188	0.9745504	0.9902474	0.97581875	0.9893486	0.9741012	0.9561906	0.97496974	0.8704311	0.7356181	0.9472687	0.9473864	0.9233975	0.99257815	0.9634864	0.9790202	0.9512437	0.8055929	0.9509352	0.96693736	0.9750314	0.9754433	0.95929056	0.91371566	0.8169857	0.85911304	0.9552553	0.9846965	0.988367	0.9864663	0.9821735	0.59415275	0.92178637	0.77915335	0.947785	0.9994524	0.9826259	0.9173606	0.9604789	0.8188088	0.98754954	0.9751516	0.9825551	0.965486	0.96475327	0.80546486	0.956381	0.9851122	0.9878653	0.8607903	0.9700529	0.90311223	0.9676711	0.9509515	0.9924925	0.9830422	0.9389682	0.9631337	0.9881658	0.9287394	0.9848493	0.9855831	0.4918058	0.89794016	0.97412086	0.9384353	0.97694445	0.9909353	0.9766245	0.92653006	0.9554893	0.9776488	0.6243801	0.8543997	0.9872942	0.9816862	0.9858297	0.8005623	0.97994	0.98115385	0.95246875	0.93491226	0.9924745	0.9034751	0.98609775	0.9757572	0.9931783	0.9862682	0.9636739	0.95364606	0.9961107	0.9517062	0.997387	0.85242784	0.9345451	0.8668915	0.80306923	0.9496224	0.8640435	0.9811531	0.9880185	0.98285884	0.9360453	0.96647877	0.97531056	0.9153794	0.9622954	0.8784258	0.9636638	0.9751389	0.9810081	0.91463286	0.97086954	0.91742384	0.95127815	0.98048496	0.9327901	0.97378236	0.9834084	0.83776164	0.9025072	0.9335535
Blair/name	0.85361946	0.7482532	0.79785484	0.95578045	0.8569519	0.9534193	0.9222434	0.0	0.97109586	0.9139255	0.95899445	0.9239358	0.97705805	0.9598021	0.8756371	0.7643065	0.8485503	0.9402004	0.9876394	0.89258516	0.966167	0.588617	0.97795767	0.98388845	0.8764881	0.7095876	0.9618015	0.9972076	0.5299673	0.9871869	0.9508905	0.8396108	0.8313539	0.69546044	0.9290009	0.9025951	0.68781304	0.9524704	0.98646694	0.9281804	0.927449	0.94168663	0.9613523	0.8766032	0.91375726	0.9366893	0.69797593	0.9316428	0.94872314	0.97910076	0.9645778	0.9459952	0.85396004	0.80618393	0.914384	0.8860999	0.9704509	0.9019177	0.67778563	0.9402466	0.9074082	0.9748102	0.77657485	0.96421885	0.8620345	0.9490926	0.9080426	0.8820969	0.89809287	0.835883	0.7695819	0.8791777	0.8236021	0.95518523	0.9461814	0.93482757	0.7882557	0.90918857	0.74240506	0.955976	0.945152	0.96170765	0.8964053	0.9311693	0.8604592	0.8946881	0.8774519	0.9748806	0.9369329	0.94634104	0.9082289	0.8714051	0.91036695	0.95515335	0.96186274	0.9495199	0.895196	0.83929306	0.84266937	0.6713737	0.93254554	0.9375858	0.9812323	0.9484193	0.9758937	0.9356353	0.96849626	0.9707244	0.95750934	0.845507	0.9131383	0.92206895	0.9571061	0.91991794	0.95373666	0.92637926	0.8988448	0.9327509	0.9425176	0.9523747	0.9610513	0.6830206	0.93920785	0.8516624	0.88595784	0.9756626	0.8969979	0.967502	0.6723466	0.9306013	0.38600624	0.36756742	0.8860251	0.97005767	0.9482765	0.92785823	0.9817101	0.7763748	0.5789671	0.901404	0.9286922	0.8445606	0.96608543	0.9764198	0.912173	0.8538778	0.96296424	0.626428	0.9293418	0.8328466	0.97390866	0.93176264	0.848205	0.8306521	0.9617965	0.865396	0.9623222	0.9143843	0.93187195	0.7789765	0.9101478	0.76238704	0.8770328	0.6966232	0.85817575	0.8320211	0.9024897	0.933227	0.9754387	0.9735903	0.92189145	0.93388855	0.9338195	0.8972872	0.7857334	0.9072034	0.84304583	0.83636683	0.88566613	0.8585005	0.8433478	0.9573134
Borms/name	0.9630464	0.9434797	0.8111412	0.96917635	0.961273	0.95384717	0.97883654	0.97109586	0.0	0.8503705	0.8929571	0.8548382	0.96163	0.93138474	0.5305233	0.95402473	0.5572055	0.7317547	0.96378255	0.96041036	0.7856456	0.9775384	0.97982794	0.9585032	0.94799566	0.9586767	0.74136543	0.9989142	0.9198046	0.9761584	0.92937785	0.9486549	0.97881293	0.95837176	0.34418905	0.9705659	0.93429863	0.96285814	0.9766405	0.9488155	0.9840379	0.7388947	0.97627497	0.6459267	0.8639467	0.95051205	0.73071337	0.8907807	0.9471798	0.9594347	0.944663	0.8645631	0.91111547	0.79529047	0.8661463	0.87622344	0.99051636	0.9655719	0.84397376	0.97997314	0.966984	0.97619253	0.9977596	0.9066531	0.9684294	0.92196846	0.9749069	0.96469355	0.9536607	0.92878634	0.887823	0.9788196	0.93160826	0.9754934	0.9800931	0.9160031	0.9055873	0.9641106	0.8822193	0.9657015	0.9577992	0.9215049	0.90794957	0.99174863	0.90917903	0.95885384	0.9679659	0.9435993	0.96703833	0.9317981	0.88260937	0.9503552	0.94577163	0.9812337	0.9807151	0.9811421	0.9758881	0.89852595	0.9795774	0.9888015	0.8585525	0.89135337	0.9212382	0.8991072	0.959942	0.8996013	0.9547876	0.94815344	0.9160484	0.97360784	0.9663113	0.9789751	0.9616246	0.93217325	0.9483493	0.99078214	0.9775196	0.81284463	0.95869464	0.98064756	0.8686106	0.9071253	0.92159384	0.9638089	0.9830107	0.98577875	0.9859515	0.9396283	0.9511389	0.92748	0.97329116	0.9662091	0.9635885	0.9641265	0.9860781	0.9187185	0.93888515	0.9544917	0.9154135	0.95336396	0.9874512	0.8543332	0.99386734	0.96826476	0.47761422	0.93269384	0.9864803	0.894465	0.96619964	0.80533624	0.9307635	0.8734918	0.98035747	0.9691545	0.95862556	0.9375867	0.97295606	0.91504705	0.9990783	0.91392106	0.94905484	0.87109995	0.987227	0.91487724	0.9601262	0.9606847	0.8169146	0.92589957	0.9573148	0.91828054	0.9551096	0.9822424	0.8781519	0.97892064	0.96650803	0.9435819	0.8854368	0.90117127	0.9320162	0.8605281	0.882304	0.98909837
Boudewijn/name	0.95801204	0.9415641	0.9577936	0.8932803	0.9706832	0.9787155	0.5822792	0.9139255	0.8503705	0.0	0.86430955	0.56154406	0.932322	0.7509589	0.8568539	0.9758757	0.8858237	0.56636524	0.81302714	0.8131596	0.8916369	0.91307527	0.87761503	0.9472742	0.90385056	0.98871017	0.7824624	0.999744	0.86677647	0.5442548	0.93742025	0.96746534	0.97845745	0.97537065	0.7706125	0.88128006	0.9037583	0.9702481	0.9738055	0.9592406	0.891018	0.9864408	0.95292485	0.8378764	0.8220118	0.9613791	0.6506974	0.9115227	0.9340725	0.9708581	0.8166834	0.97773546	0.9400932	0.76489955	0.91926026	0.93090934	0.9401634	0.8952383	0.86303127	0.89281857	0.9808772	0.94461703	0.9578767	0.95214975	0.9560214	0.9456711	0.931494	0.96086127	0.82837194	0.9145855	0.90433186	0.95429605	0.8897786	0.9758548	0.97539306	0.9714569	0.8492001	0.907917	0.8921665	0.97921145	0.9753028	0.9349296	0.9127954	0.95732594	0.82184577	0.8073511	0.9638735	0.97571045	0.9565383	0.97597086	0.9407057	0.7815033	0.96287036	0.8964365	0.933741	0.98645455	0.9068919	0.7833878	0.9161239	0.94188005	0.95807254	0.91530037	0.9481531	0.923393	0.9643917	0.9323692	0.9988275	0.95947886	0.9562167	0.8369988	0.96195394	0.8497068	0.9094391	0.9745163	0.9683875	0.98246336	0.96604306	0.8909413	0.89354104	0.974591	0.93877625	0.9357133	0.7729113	0.82017905	0.9121577	0.97343147	0.9879141	0.92960304	0.9635582	0.82369924	0.88027024	0.93777686	0.9688695	0.82955325	0.96970314	0.95762753	0.8448825	0.8932867	0.94967794	0.88095254	0.895579	0.9321524	0.9645531	0.9791964	0.73861015	0.89225924	0.98546875	0.89500606	0.97475064	0.897569	0.98742896	0.9281486	0.9403091	0.8393356	0.9839097	0.6961398	0.96895415	0.9206468	0.9037362	0.9444494	0.97116876	0.93130285	0.88243103	0.92288464	0.9658331	0.9466207	0.97252774	0.9145103	0.96040934	0.98639303	0.9419955	0.82539344	0.92551434	0.9538999	0.8064687	0.9451815	0.9227614	0.94066566	0.91820556	0.7624184	0.9421752	0.90907556
Charlie/name	0.9756881	0.9174559	0.7643985	0.92434835	0.9186677	0.9445761	0.9390068	0.95899445	0.8929571	0.86430955	0.0	0.9110922	0.94529897	0.874095	0.7874311	0.98070973	0.7673331	0.64828193	0.9606635	0.857957	0.947144	0.9266747	0.93894744	0.9471637	0.801217	0.93865675	0.87176514	1.0	0.8960165	0.9106894	0.97776055	0.9441776	0.9793428	0.9505027	0.91681165	0.8865701	0.92133594	0.97421753	0.9345895	0.9127881	0.94286567	0.94412506	0.94416916	0.72363406	0.8853854	0.94694406	0.8154727	0.8421116	0.8866392	0.9286624	0.82327354	0.8994689	0.90191054	0.7669722	0.9253495	0.9131728	0.95338124	0.89162385	0.97098297	0.56076	0.9689648	0.9130506	0.90398324	0.8768426	0.9378408	0.90786314	0.9014443	0.92583144	0.8922602	0.8907422	0.80550814	0.8704947	0.9018527	0.9550983	0.96932375	0.9086439	0.8815949	0.8991149	0.8781507	0.9245312	0.94911927	0.94218624	0.9103418	0.9430218	0.89576614	0.7594401	0.95575464	0.9299711	0.92369175	0.94866914	0.9216115	0.8529633	0.8549748	0.88796	0.88022345	0.8186226	0.83276844	0.8799258	0.7561669	0.99494237	0.9182092	0.8768411	0.9178463	0.9493991	0.93656504	0.8941881	0.98575914	0.91828334	0.93533486	0.82462704	0.9614364	0.6394806	0.93266237	0.95039284	0.95230585	0.9415623	0.954348	0.9024172	0.95772266	0.9387468	0.9348049	0.91127616	0.7741307	0.94689375	0.8701964	0.9778453	0.95777774	0.94632465	0.9436933	0.83609426	0.9891395	0.9593021	0.96032697	0.9292827	0.93428016	0.8437213	0.9358161	0.92214525	0.89013106	0.87537575	0.83797723	0.9838191	0.96029556	0.9503438	0.93760854	0.8921824	0.96809554	0.95789796	0.9357262	0.8202848	0.93130594	0.7996067	0.9225951	0.7800606	0.9429661	0.74371433	0.95033145	0.9325377	0.9993096	0.9452636	0.92083865	0.93057334	0.903883	0.9411717	0.92396796	0.90811825	0.9587793	0.84199	0.9459089	0.96213186	0.9917452	0.9310924	0.9223076	0.91460484	0.8553713	0.92862207	0.8051915	0.9084625	0.88951206	0.7250707	0.7982501	0.8787098
Cools/name	0.86465234	0.792459	0.98195815	0.97309434	0.9629399	0.99104685	0.91824144	0.9239358	0.8548382	0.56154406	0.9110922	0.0	0.9412263	0.9536233	0.94122803	0.93668926	0.88975143	0.43950796	0.9522138	0.91933125	0.8665944	0.97285527	0.97645146	0.9648403	0.9344817	0.9729693	0.9478115	0.9999347	0.9196943	0.92543876	0.9505356	0.9683857	0.7752314	0.81685555	0.9135954	0.9846447	0.7382778	0.99316657	0.99526095	0.9786711	0.9980915	0.970846	0.9911764	0.842655	0.89652807	0.99451375	0.72787595	0.9592756	0.80368716	0.9870974	0.9712844	0.992355	0.903956	0.86458147	0.9765753	0.9755675	0.99454	0.9719884	0.84968495	0.97829497	0.9686343	0.97259575	0.9827881	0.9738437	0.9140567	0.9950809	0.9971403	0.9672089	0.95442146	0.9555327	0.95237917	0.9790706	0.9509214	0.9935988	0.9651676	0.97892696	0.944094	0.9753613	0.91419667	0.99872696	0.9799328	0.9765435	0.9713501	0.9804724	0.88293535	0.954998	0.9632025	0.9925491	0.97786343	0.9488192	0.94584644	0.9140019	0.9343653	0.98144513	0.98652154	0.84169614	0.9944462	0.93242145	0.951008	0.9905356	0.9538376	0.9811302	0.96500814	0.9582966	0.97807586	0.9672328	0.98016423	0.96995384	0.99907744	0.9752325	0.9781345	0.9615253	0.9851496	0.94513756	0.99867296	0.9857055	0.9991938	0.92614055	0.9600479	0.98351365	0.9509753	0.894294	0.911203	0.9490531	0.9683637	1.0	0.9798522	0.8880285	0.9652434	0.90210503	0.88200676	0.8585135	0.993131	0.9462438	0.97946125	0.97223395	0.99388766	0.921245	0.83397007	0.9858366	0.98001856	0.7585472	0.9292524	0.98845357	0.58732927	0.98658264	0.9825176	0.9497307	0.87751234	0.92181045	0.99877405	0.99308753	0.9992871	0.9656177	0.98986703	0.8819613	0.98150283	0.9243908	1.0	0.8829009	0.9482357	0.8790991	0.9985859	0.8304227	0.9626473	0.985707	0.9925335	0.96762806	0.98369724	0.9921024	0.89234257	0.927253	0.96356606	0.9942424	0.9924899	0.9936019	0.9798376	0.96864516	0.9632405	0.83646494	0.9782354	0.9814479
Cézanne/name	0.980675	0.965667	0.9729522	0.9866467	0.96234393	0.96328807	0.96781546	0.97705805	0.96163	0.932322	0.94529897	0.9412263	0.0	0.989012	0.97343487	0.99505943	0.97760034	0.7973441	0.96337664	0.9301796	0.9743386	0.97555095	0.9718012	0.05988288	0.9433114	0.9733882	0.9103771	0.99990916	0.9331912	0.9590812	0.92345864	0.9698183	0.983936	0.99009377	0.9868345	0.9931034	0.98802936	0.9776207	0.9580035	0.956971	0.7856765	0.8904997	0.96176594	0.9750684	0.9814507	0.9581685	0.8026496	0.9417214	0.96301764	0.94087034	0.9771419	0.97923744	0.98257184	0.7728545	0.94367164	0.97860587	0.9581084	0.96583885	0.9746838	0.9462782	0.948544	0.9679269	0.97710943	0.9848134	0.9858069	0.9675286	0.9581674	0.93085593	0.96994704	0.9698452	0.9480619	0.93366647	0.9373002	0.99704343	0.95665586	0.95236695	0.94927967	0.95407945	0.9033741	0.99663514	0.94804174	0.980634	0.97437924	0.8912663	0.9345616	0.9736903	0.9792149	0.9786338	0.95585066	0.95326936	0.9688772	0.95281476	0.9459624	0.94993526	0.9692339	0.99746054	0.5903821	0.9746825	0.9445999	0.9541782	0.95608866	0.97947276	0.97673106	0.94396585	0.9612782	0.9300115	0.98718363	0.9800445	0.96633947	0.94293445	0.9811056	0.8723749	0.98031056	0.96482235	0.97393626	0.92816275	0.9648582	0.9546309	0.9852871	0.7447978	0.9632994	0.9791763	0.965979	0.9775904	0.94166046	0.99902546	0.98112595	0.9768924	0.9272844	0.87845504	0.9780603	0.98255193	0.989294	0.9721225	0.97633857	0.96742666	0.9722054	0.98735255	0.9827501	0.9699947	0.96576	0.9617044	0.98266757	0.98940504	0.9847322	0.9804181	0.97718257	0.96499866	0.9728908	0.8547721	0.96771866	0.9863217	0.9811428	0.9790417	0.9619187	0.8457111	0.9809886	0.9155974	0.99194413	0.9780626	0.9796804	0.974423	0.9728707	0.99187756	0.951193	0.9896327	0.9328671	0.9584484	0.91447824	0.96561164	0.9942972	0.94628674	0.9320125	0.977401	0.98453236	0.95724624	0.9247066	0.9527444	0.97787637	0.63981855	0.9929194	0.9895862
Derksen/name	0.9572437	0.8627076	0.8634325	0.9683505	0.9884295	0.8138226	0.39722556	0.9598021	0.93138474	0.7509589	0.874095	0.9536233	0.989012	0.0	0.8416128	0.9781436	0.81216276	0.76866615	0.70836693	0.9741486	0.9670195	0.7805748	0.89292455	0.9716741	0.8815147	0.9757489	0.77063125	1.0	0.9447625	0.87974894	0.99510497	0.9413809	0.995976	0.9801257	0.9342916	0.8347214	0.9486855	0.9705234	0.92630535	0.8719697	0.99673516	0.99410105	0.99112517	0.6736514	0.8343092	0.88480973	0.77348495	0.8360245	0.94693404	0.97496754	0.77486503	0.89561176	0.8353008	0.74275094	0.8905883	0.95303166	0.9814627	0.9789253	0.99129903	0.9471769	0.991841	0.9651982	1.0	0.82386386	0.98254865	0.95456415	0.9652513	0.9886947	0.8240976	0.8125268	0.9406837	0.9670443	0.709128	0.890862	0.95135105	0.88578004	0.88903564	0.90038145	0.8783438	0.9517337	0.8909446	0.88875824	0.91011643	0.95666635	0.671306	0.8477435	0.97433496	0.87187755	0.97165495	0.99698424	0.971477	0.6898186	0.9710252	0.8230459	0.9949375	0.9987277	0.9592233	0.8885588	0.91490567	0.9440747	0.8852919	0.9162039	0.90940654	0.83542174	0.9477831	0.8518211	0.7693218	0.93193424	0.9541457	0.963064	0.9077111	0.83795446	0.80445784	0.9262805	0.96556497	0.97597873	0.9986752	0.95256484	0.948737	0.98720336	0.95544946	0.9191894	0.5896941	0.94989645	0.91147673	0.98400265	0.8478834	0.90777165	0.87248737	0.9726468	0.92268205	0.9819811	0.7078717	0.94170886	0.98246324	0.97091234	0.9403775	0.85007894	0.95838165	0.9089091	0.9564099	0.9749824	0.9986305	0.97787356	0.91843826	0.891936	0.83480066	0.86041427	0.98662436	0.86708695	0.87861174	0.9222176	0.93232197	0.9858824	0.89549273	0.89082116	0.83798	0.8234538	1.0	0.94879425	0.9622239	0.8545929	0.9214704	0.97877926	0.9543262	0.95962703	0.8936522	0.8536151	0.92851084	0.97384834	0.98281276	0.9302153	0.93632424	0.93636256	0.94649845	0.9158498	0.8439459	0.9414374	0.78128415	0.8879236	0.85602397	0.9800068
Duitser/noun	0.8812511	0.7336181	0.3988961	0.91769326	0.59278953	0.984961	0.9781434	0.8756371	0.5305233	0.8568539	0.7874311	0.94122803	0.97343487	0.8416128	0.0	0.9617344	0.21640033	0.8014258	0.93265045	0.792102	0.84754854	0.9663263	0.990543	0.94227403	0.9200192	0.83080107	0.4336415	0.8972763	0.9088799	0.93178403	0.9503248	0.7358144	0.8713224	0.83136034	0.4729225	0.8748468	0.8124896	0.89778274	0.95387405	0.89600366	0.9364936	0.8361321	0.96119153	0.84918547	0.7926468	0.93137115	0.76018625	0.81147134	0.91339535	0.952897	0.83705026	0.9035737	0.79704905	0.7407628	0.8545468	0.79566693	0.91940784	0.7929534	0.7776487	0.920619	0.976177	0.8105142	0.8790852	0.8991584	0.7724481	0.8460704	0.9087444	0.9193008	0.8883122	0.92750716	0.7377994	0.9132277	0.8499786	0.8373784	0.9254559	0.78657943	0.8414311	0.8549268	0.726951	0.936787	0.945906	0.9420819	0.6188487	0.8426058	0.74974394	0.91104335	0.82528055	0.95315695	0.9460512	0.77766865	0.5535016	0.8747459	0.88686794	0.87496006	0.94698954	0.9632024	0.9289579	0.71906585	0.88606465	0.9627555	0.87917733	0.91627854	0.94306535	0.8908942	0.92051136	0.82820886	0.9628163	0.9395228	0.9008105	0.9511673	0.6568303	0.9129065	0.8590658	0.9095184	0.9307721	0.9309988	0.8761969	0.79084444	0.92258227	0.8704457	0.84611356	0.65636945	0.89774525	0.8231165	0.67964476	0.931721	0.916859	0.9057454	0.9112208	0.94626373	0.93924123	0.8839378	0.96660066	0.9140476	0.7628639	0.9099293	0.86793274	0.85253376	0.79677427	0.9064719	0.93250287	0.7664117	0.8893636	0.9247957	0.70812774	0.9272708	0.93935055	0.7699008	0.90967596	0.7123287	0.93550247	0.5965793	0.89676976	0.8806231	0.97776115	0.90229243	0.9197551	0.81370443	0.97527874	0.7204802	0.8324982	0.63641965	0.9220726	0.7619491	0.89134395	0.94767535	0.7947843	0.8999024	0.9337554	0.9577724	0.87366915	0.86454517	0.80378246	0.8740719	0.9137876	0.8870352	0.758608	0.83208907	0.85335255	0.74009526	0.7591683	0.7343017
EU/name	0.6813054	0.657972	0.775179	0.9859361	0.82205504	0.9558077	0.9744126	0.7643065	0.95402473	0.9758757	0.98070973	0.93668926	0.99505943	0.9781436	0.9617344	0.0	0.9109685	0.9498947	0.9192435	0.90952706	0.9746141	0.9253418	0.96159244	0.9720802	0.93524736	0.41007352	0.9471637	0.9890069	0.86630636	0.9935249	0.9967445	0.91310847	0.9442715	0.4201849	0.9650763	0.97231406	0.8229487	0.9768424	0.9661827	0.84672624	0.9785441	0.8325138	0.98623836	0.8406652	0.9651199	0.96729475	0.90596867	0.93215907	0.91524285	0.9648192	0.9629692	0.95790684	0.94134676	0.8056472	0.9650348	0.8142873	0.95329463	0.8346089	0.8423747	0.96538377	0.9796043	0.94488406	0.8979306	0.9410641	0.75976026	0.95643604	0.99347115	0.9545918	0.96402764	0.9716943	0.94880426	0.9791061	0.94867533	0.9208548	0.9337068	0.928855	0.94584256	0.86883134	0.82462084	0.8476649	0.9384868	0.9583059	0.64269954	0.84249413	0.7887756	0.980229	0.8872099	0.92246765	0.93786615	0.9470212	0.89285237	0.93938595	0.94075805	0.9747421	0.8671049	0.88141197	0.93809015	0.95241594	0.9608545	0.88048416	0.9036211	0.93732417	0.9651298	0.90253574	0.9315617	0.9318584	0.9572584	0.9460577	0.95663893	0.9648195	0.8892939	0.9783039	0.9435581	0.92081964	0.94042194	0.8841652	0.9585664	0.9001491	0.8061273	0.909271	0.9308348	0.7167491	0.94538033	0.9530267	0.7665926	0.96839434	0.98029584	0.9155996	0.796744	0.9730734	0.77228165	0.7532514	0.9582712	0.8195267	0.9072816	0.8810143	0.9808677	0.90896297	0.68404627	0.9546756	0.968062	0.7679023	0.9422828	0.9787393	0.98407835	0.92889917	0.93207836	0.92034227	0.9576577	0.8078716	0.959038	0.9280953	0.9788939	0.9493393	0.96004647	0.9516245	0.9582808	0.9225298	0.9368757	0.74953324	0.97666794	0.8949513	0.93678844	0.81627285	0.91064864	0.9298723	0.8601268	0.882227	0.9565985	0.91486025	0.9098229	0.8612604	0.91965497	0.9737707	0.9659736	0.91304266	0.89855367	0.855625	0.96345675	0.93402445	0.81133914	0.883209
Engelsman/noun	0.8831065	0.687819	0.49632955	0.8921505	0.69796383	0.98527503	0.8816499	0.8485503	0.5572055	0.8858237	0.7673331	0.88975143	0.97760034	0.81216276	0.21640033	0.9109685	0.0	0.7219584	0.866073	0.7868892	0.9064727	0.97394	0.98802704	0.95024586	0.9255077	0.8098553	0.46381295	0.81134725	0.879805	0.8463407	0.96667755	0.7210348	0.848397	0.79990506	0.49862546	0.85795313	0.83056706	0.916386	0.85927725	0.89578456	0.93866515	0.83751154	0.9559206	0.77332985	0.824368	0.9455199	0.7104223	0.8113649	0.9029141	0.91066504	0.8451389	0.86898893	0.75973254	0.72084314	0.7896546	0.8600515	0.93128866	0.746351	0.7748871	0.86593246	0.9768004	0.9097212	0.832877	0.89273816	0.8084638	0.83414084	0.9612705	0.9146905	0.84222734	0.8556581	0.72580266	0.8616135	0.80923647	0.81560165	0.92005587	0.79970217	0.7329259	0.8849189	0.7475995	0.97516805	0.9171607	0.91440046	0.70012784	0.87979615	0.6269928	0.85877347	0.8412703	0.90731746	0.9595871	0.9153132	0.69873744	0.8835489	0.84026766	0.86792064	0.94418985	0.8752257	0.9193713	0.7622033	0.85750717	0.99332243	0.8928491	0.91303325	0.9249076	0.8216159	0.9133949	0.83754385	0.9631288	0.9209528	0.90496135	0.94178957	0.8161727	0.874107	0.8889383	0.8682655	0.8770574	0.92134047	0.90702647	0.84148765	0.96781105	0.89680547	0.87390494	0.6715661	0.74214125	0.85004735	0.67317355	0.9088934	0.88653964	0.91946536	0.8809138	0.92695016	0.86576587	0.78974885	0.8501522	0.91103464	0.84583354	0.9530816	0.7655109	0.8604319	0.7734038	0.8001914	0.9241998	0.8340895	0.9102981	0.9500239	0.6975483	0.9394359	0.84315264	0.8099808	0.82739663	0.7267802	0.93226373	0.62837434	0.91530794	0.83407736	0.96588105	0.902614	0.8425748	0.80713856	0.96912926	0.7297119	0.83169985	0.67619395	0.90809137	0.8130675	0.8420607	0.9327562	0.7315612	0.8997172	0.951908	0.9108735	0.9375823	0.8865024	0.8307292	0.85955226	0.90004957	0.81899077	0.7305486	0.82038784	0.7876431	0.79399115	0.7529475	0.82084733
Frank/name	0.9770977	0.94587713	0.7926597	0.92902106	0.9697061	0.9911113	0.716579	0.9402004	0.7317547	0.56636524	0.64828193	0.43950796	0.7973441	0.76866615	0.8014258	0.9498947	0.7219584	0.0	0.90409166	0.62316084	0.56979597	0.9144391	0.99223936	0.8072112	0.81272334	0.9537943	0.7828681	0.959338	0.92607147	0.88360834	0.9781815	0.9640583	0.97761285	0.8779155	0.6915416	0.8844568	0.81196237	0.9742186	0.9695274	0.94935083	0.913479	0.8594897	0.9848598	0.65234804	0.87822604	0.98748505	0.56746435	0.95001155	0.9196103	0.98453647	0.9064803	0.93975896	0.9753911	0.7389378	0.9385839	0.98020077	0.8860901	0.91933644	0.83137625	0.85605294	0.97203404	0.94120675	0.97474855	0.97880185	0.9833292	0.9643673	0.9574571	0.8971012	0.90773946	0.8536037	0.9361122	0.94332373	0.88185036	0.9664992	0.97886264	0.94419086	0.8834135	0.97190154	0.8442081	0.9795997	0.9837815	0.96175444	0.92466533	0.8583792	0.7762977	0.89956415	0.9663376	0.9880016	0.97468066	0.991154	0.9008235	0.7721555	0.9442702	0.9708611	0.9270711	0.9549701	0.93229413	0.7333252	0.90551364	0.9552362	0.9628065	0.9312342	0.9627374	0.959961	0.98614216	0.89147544	0.95261735	0.9375186	0.9700396	0.8739739	0.9723038	0.873451	0.9663943	0.9799383	0.97831905	0.9926908	0.9844091	0.9510489	0.9802396	0.8902838	0.95545435	0.89903796	0.65753365	0.844005	0.92587185	1.0	0.9889272	0.9501455	0.9283224	0.8665896	0.92991203	0.94368625	0.8325752	0.95867157	0.9755568	0.9766204	0.9841609	0.862658	0.8150803	0.95073086	0.9605059	0.861006	0.9887639	0.98733777	0.46707785	0.98119444	0.9930502	0.94384015	0.94605565	0.87706006	0.9810763	0.9042445	0.992604	0.84735656	0.95420253	0.7358737	0.91272855	0.9449362	0.98266244	0.94429225	0.9015933	0.95333564	0.8216907	0.9703913	0.9458355	0.9440998	0.9239323	0.9058601	0.96798044	0.9888081	0.8283175	0.8516844	0.945688	0.96825546	0.89498985	0.972343	0.8654069	0.95130634	0.9600203	0.6946478	0.9362145	0.98699623
Friesland/name	0.956366	0.9099873	0.92444617	0.9846254	0.9284783	0.97303516	0.7701517	0.9876394	0.96378255	0.81302714	0.9606635	0.9522138	0.96337664	0.70836693	0.93265045	0.9192435	0.866073	0.90409166	0.0	0.9887302	0.95441115	0.93995327	0.9153269	0.9508034	0.92870355	0.9816718	0.7485224	0.96672916	0.98669946	0.539173	0.9821931	0.95136976	0.9379723	0.95410204	0.9441478	0.97480786	0.96801364	0.95079255	0.9795021	0.97388047	0.8572507	0.97077686	0.97818595	0.8505931	0.8750112	0.9876989	0.91330796	0.963288	0.95497185	0.9862582	0.9352605	0.9675252	0.9673763	0.75516534	0.97652346	0.9697982	0.9420438	0.9342966	0.9711596	0.9180974	0.865279	0.96914893	0.97248524	0.9894066	0.9096683	0.9293146	0.9883531	0.98319733	0.95463675	0.8524017	0.9659954	0.94911516	0.975704	0.9485353	0.84301007	0.88088536	0.9869279	0.9328194	0.8955059	0.9719924	0.94004726	0.975876	0.82330453	0.9564043	0.66669583	0.78776217	0.96036595	0.9793936	0.9828693	0.936135	0.9638366	0.89595675	0.96697795	0.670837	0.8936416	0.99034196	0.8535409	0.9115397	0.87027323	0.9319359	0.9602802	0.9338098	0.99898845	0.9569301	0.890795	0.9821582	0.9865717	0.9945325	0.9748119	0.8280332	0.9490451	0.8978008	0.9163145	0.95575094	0.97807956	0.9152683	0.9413392	0.9545306	0.9087559	0.9140494	0.97176605	0.95152897	0.7641843	0.960393	0.9350609	0.97655493	0.9597235	0.6513938	0.9411646	0.9695972	0.98421305	0.98909914	0.80645764	0.59957516	0.9597245	0.88080984	0.8016254	0.84273076	0.9697338	0.97459596	0.80198765	0.88574225	0.64496565	0.99457186	0.98933905	0.9930456	0.9911612	0.96306455	0.98594314	0.8901926	0.98696953	0.85661787	0.99657583	0.99060553	0.94940096	0.877084	0.8342983	0.751475	0.87208104	0.9675754	0.965482	0.931763	0.8392786	0.95150304	0.9501625	0.86828184	0.9012541	0.9092543	0.97676665	0.95310444	0.9036131	0.94373727	0.97276944	0.76307386	0.9015255	0.940372	0.9400243	0.93469185	0.9707477	0.85808593	0.92610466	0.8086015
Irving/name	0.9221209	0.859552	0.6602074	0.83142126	0.79117626	0.94827455	0.96810776	0.89258516	0.96041036	0.8131596	0.857957	0.91933125	0.9301796	0.9741486	0.792102	0.90952706	0.7868892	0.62316084	0.9887302	0.0	0.9476514	0.9673564	0.9615502	0.96228105	0.90685475	0.8459282	0.89641225	0.9963893	0.847292	0.9728048	0.95292795	0.83235806	0.92235917	0.71659195	0.95649916	0.8840124	0.9010603	0.9342978	0.9603739	0.91799617	0.9461362	0.9219239	0.95213044	0.92765594	0.9421138	0.9556125	0.75889033	0.89699876	0.8919654	0.92089665	0.95748734	0.95709866	0.9395045	0.87169933	0.8518696	0.9053048	0.88358676	0.7489619	0.7420368	0.93824524	0.984415	0.90095496	0.8112936	0.9125307	0.90073985	0.92732817	0.9212555	0.9019566	0.91342443	0.899315	0.89727026	0.90683705	0.8476046	0.9371412	0.9750193	0.9179282	0.76496696	0.96947503	0.83568233	0.98619765	0.93001384	0.8841153	0.8518698	0.9342754	0.8879014	0.9438411	0.94038343	0.980637	0.9466083	0.88114417	0.7367218	0.84629375	0.9348528	0.95102596	0.9158411	0.9845601	0.9214126	0.6006744	0.8956898	0.98263973	0.9261629	0.9398827	0.93260086	0.9084898	0.941533	0.9425808	0.8342714	0.9515809	0.9299425	0.88459295	0.8227537	0.9112943	0.970749	0.9479505	0.9430148	0.916971	0.97223914	0.87291527	0.905427	0.83437407	0.9599271	0.8070594	0.9139769	0.723683	0.85855216	0.9945501	0.9448508	0.96984863	0.9233687	0.8594684	0.86936796	0.83401316	0.9538884	0.9634444	0.9267297	0.964489	0.96296525	0.9819472	0.7186117	0.85401684	0.88536906	0.8632868	0.9531537	0.976604	0.91000104	0.9492235	0.9565968	0.8697642	0.9074116	0.8704904	0.9700851	0.9565731	0.9511341	0.90663767	0.962085	0.763168	0.96875936	0.9276413	0.9673863	0.86963004	0.964825	0.91159755	0.9022115	0.8904647	0.84377134	0.92849475	0.9307215	0.9175015	0.9259559	0.9781497	0.91494703	0.76815796	0.91137433	0.93580914	0.80851454	0.8889526	0.8066334	0.8523934	0.88461196	0.73455346	0.9306018	0.8622926
