	ABVV/name	Bodson/name	Buurmeijer/name	Christian/name	Cédric/name	De/name	Declercq/name	Dekker/name	Demol/name	Europees/adj	Faber/name	Freddy/name	Gerets/name	Hezbollah/name	Koffrie/name	Magda/name	Midden-Oosten/name	Polen/name	Priscilla/name	Rob/name	Standaard/name	Swatch/name	Van/name	Wall/name	Wijk/name	Winter/name	Wotte/name	aanblik/noun	aangeschaft/adj	aanpak/noun	aanvang/noun	afkomst/noun	afloop/noun	analist/noun	auteur/noun	begin/noun	bevolking/noun	bewoording/noun	bijzonder/adj	blik/noun	boek/noun	boodschap/noun	brief/noun	buis/noun	buitengewoon/adj	buurtbewoner/noun	coach/noun	commentaar/noun	constatering/noun	dag/noun	dansbare/adj	dat/comp	dat/det	debuut/noun	dichter/noun	discussie/noun	dit/det	doorbraak/noun	dorp_DIM/noun	droef/adj	echt/adj	einde/noun	erg/adj	even/adj	feestganger/noun	film/noun	gegeven/noun	gelijkspel/noun	geluid/noun	gericht/adj	geschiedenis/noun	gesprek/noun	gestemd/adj	geval/noun	glorieus/adj	hacker/noun	herdershond/noun	herstel/noun	het/noun	hij/pron	iedereen/pron	iets/adv	ik/pron	indicator/noun	integratie/noun	kansloos/adj	kant/noun	kwartaal/noun	liberalisering/noun	luchtig/adj	markt/noun	me/pron	men/pron	mevrouw/noun	mij/pron	minder/adj	moment/noun	mond/noun	nog/adv	ondertitel/noun	ontwikkeling/noun	ontzettend/adj	opgewekt/adj	oplossing/noun	opnieuw/adv	oppositie/noun	optimistisch/adj	ouder/noun	perspectief/noun	positief/adj	reactie/noun	realiteit/noun	rest/noun	resultaat/noun	rots/noun	sarcastisch/adj	seizoen/noun	signaal/noun	steeds/adv	strohalm/noun	student/noun	team/noun	tegelijk/adj	teken/noun	tendens/noun	teneur/noun	terugkeer/noun	titelstrijd/noun	toekomst/noun	tolk/noun	trip/noun	u/pron	uitlating/noun	uitslag/noun	veel/noun	verandering/noun	verklaring/noun	vermager/verb	vertrouwen/noun	vertwijfeld/adj	verwachting/noun	vlak/noun	voorbeeld/noun	vrolijk/adj	wanhoop/noun	wat/pron	we/pron	wedloop/noun	week/noun	weekeinde/noun	weinig/adj	wel/adv	wending/noun	wij/pron	woordvoerder/noun	ze/pron	zeer/adv	zege/noun	zo/adv	zomermaand/noun
ABVV/name	0.0	0.50150263	0.8844561	0.6573924	0.7807284	0.6113137	0.40479392	0.8760701	0.94117963	0.96847385	0.943877	0.41088432	0.8480308	0.96505564	0.93983245	0.65563285	0.93260354	0.97067946	0.98233736	0.71652585	0.64621246	0.95873636	0.6918852	0.85851127	0.69060415	0.85191125	0.9261265	0.93954176	0.9670791	0.865684	0.7744331	0.9977447	0.8331557	0.85518825	0.84926975	0.9488504	0.9793618	0.8819938	0.8799502	0.9041722	0.9271391	0.87150335	0.8798473	0.983001	0.8441757	0.9010972	0.8242856	0.6669159	0.8132834	0.9579183	0.99339753	0.9111607	0.9718472	0.8789151	0.7428522	0.8809561	0.963371	0.85012007	0.9988945	0.90835506	0.9292532	0.9147788	0.84643114	0.8757142	0.87301	0.9408772	0.9553486	0.7886605	0.9171031	0.9824962	0.9497994	0.7888372	0.91106814	0.9523768	0.97307485	0.9688903	1.0	0.9687855	0.9664006	0.84683776	0.9556154	0.9270858	0.94961065	0.92807174	0.9455188	0.9895288	0.86732656	0.899238	0.97154427	0.970994	0.9645784	0.98960376	0.9259206	0.83752894	0.98993826	0.8685987	0.9193212	0.8285447	0.9782854	0.9745529	0.8971379	0.9491663	0.9148096	0.93149394	0.972547	0.9007038	0.82122326	0.9693406	0.92559034	0.8594147	0.6623436	0.89071006	0.97138417	0.9357369	0.98843956	0.77337253	0.92697746	0.9238634	0.9783436	0.99663407	0.9668386	0.8335381	0.9110978	0.95607436	0.9151888	0.8488709	0.8519941	0.85360754	0.8764967	0.94092417	0.95803505	0.9229053	0.70129	0.6888047	0.8259033	0.95052516	0.8807391	0.9545228	0.9407709	0.9266339	0.91480505	0.9393319	0.8847237	0.9456454	0.8670801	0.9769954	0.9424502	0.9865766	0.92037666	0.8932484	0.86276066	0.9634387	0.92432785	0.9475605	0.77578807	0.9698799	0.82502437	0.9563128	0.9658929	0.9339568
Bodson/name	0.50150263	0.0	0.6574395	0.9422594	0.9876067	0.78511137	0.81927264	0.89084065	0.9333219	0.9146913	0.92836773	0.79714274	0.8105956	0.94842243	0.6943849	0.9750656	0.9086495	0.96706444	0.9890988	0.88441634	0.6117832	0.9202811	0.9215405	0.7133012	0.85197943	0.93662715	0.84071434	0.93154895	0.96482474	0.9206716	0.90729886	0.97084445	0.8149128	0.72961694	0.83859223	0.937293	0.90038604	0.72152835	0.7512853	0.9293234	0.9494813	0.9216616	0.8830466	0.96233106	0.83286214	0.9094524	0.8616072	0.711614	0.8993918	0.89948165	0.92629033	0.83611596	0.9336759	0.9217751	0.95121485	0.720067	0.8842922	0.8703093	0.99633616	0.87254745	0.93645567	0.92348903	0.84931636	0.94309276	0.98263294	0.9522114	0.9399991	0.88269717	0.8676239	0.8470035	0.91576886	0.76496905	0.7426939	0.9251259	0.82945454	0.9189621	1.0	0.79151464	0.9020598	0.84202975	0.8877805	0.8487031	0.87780684	0.89796627	0.8589713	0.94787765	0.9558214	0.78414977	0.9644745	0.9023832	0.9111055	0.92807037	0.79347223	0.9342245	0.91101146	0.88362193	0.95497143	0.8167634	0.8913307	0.9746856	0.8325224	0.90345246	0.86506796	0.8931557	0.8359853	0.8494473	0.68963337	0.9446834	0.813397	0.73462164	0.6313783	0.9212448	0.89871895	0.84736854	0.97765416	0.7988106	0.94248366	0.8788612	0.92900145	0.957273	0.9934193	0.7228542	0.9085582	0.91762304	0.9205661	0.69069064	0.79070854	0.9436514	0.69531834	0.85937244	0.8902152	0.86413926	0.5044795	0.8301503	0.86404246	0.88952863	0.7750169	0.9719456	0.7784455	0.9205682	0.7846448	0.90461683	0.9222763	0.92313987	0.97279394	0.93193185	0.83375406	0.9390761	0.85043687	0.84581894	0.70334893	0.88137364	0.8885944	0.84763455	0.85151494	0.9363369	0.742245	0.9079877	0.8850454	0.996549
Buurmeijer/name	0.8844561	0.6574395	0.0	0.99618626	1.0	0.9524148	0.98591566	0.80104625	0.99801946	0.970402	0.8596462	1.0	0.8754076	0.95178324	0.85204434	0.9979807	0.9119972	0.9913365	1.0	0.98278475	0.9577191	0.9773491	0.9272667	0.89064	0.844782	0.95069885	0.93986005	0.9943207	0.9967681	0.9724691	0.9757568	0.99970144	0.92733157	0.8861928	0.89968175	0.9201418	0.958142	0.7904463	0.8467137	0.9453844	0.90453696	0.95052236	0.76622516	0.92722744	0.5973854	0.8701416	0.99998397	0.829857	0.956179	0.9407989	0.98948985	0.85962474	0.9187802	0.9772879	0.98165303	0.7708305	0.863793	0.8955256	0.99319214	0.788818	0.9175104	0.8210691	0.9046925	0.9454845	0.98722976	0.94306386	0.94310796	0.97248846	0.98057437	0.81994736	0.9756572	0.89545596	0.9734967	0.8726387	0.89046925	0.9795407	0.9910178	0.9595726	0.8444693	0.80695754	0.92816246	0.9576369	0.90435815	0.97708225	0.87553495	0.99739784	0.9880364	0.9097545	0.89994794	0.92525744	0.9728582	0.91242635	0.9264691	0.87338674	0.85695803	0.9705427	0.8668159	0.9364357	0.8618468	0.98216933	0.95729697	0.8931152	0.9387463	0.9266224	0.87783027	0.7789517	0.7993214	0.87993413	0.8504736	0.7885586	0.657286	0.9724969	0.99510884	0.85256183	1.0	0.84281504	0.89003336	0.8708785	0.95277	0.96255004	0.99552894	0.97857255	0.9696769	0.9547798	0.9802937	0.65336263	0.99994546	0.9418973	0.92393064	0.8687899	0.98837286	0.91532964	0.67010903	0.9679492	0.9524672	0.91289926	0.8644953	0.9625461	0.93490535	0.84313786	0.92197025	0.95448583	0.96564126	0.9389149	0.9867556	0.92626077	0.8789687	0.9354672	0.83215064	0.7889573	0.9196456	0.8849768	0.82252073	0.9286244	0.82284486	0.93729603	0.796559	0.99676555	0.96663785	0.9976618
Christian/name	0.6573924	0.9422594	0.99618626	0.0	0.42167884	0.46625078	0.3675475	0.8776413	0.8285195	0.99367857	0.6312431	0.4774086	0.7637722	0.93727803	0.98223454	0.47621828	0.9666693	0.86445355	0.9489773	0.6545998	0.7478864	0.94305354	0.3819276	0.9407005	0.7125937	0.5994232	0.86279696	0.98662686	0.95315754	0.9776946	0.89386964	0.93944323	0.8378666	0.93470794	0.7181983	0.9338947	0.99922055	0.81529474	0.91056657	0.9828526	0.8598987	0.8845036	0.73504794	0.9895067	0.9599154	0.89685374	0.786104	0.7668137	0.90997607	0.9810213	1.0	0.92704666	0.9289684	0.86996603	0.5406697	0.8545809	0.9712804	0.96620893	1.0	0.9804897	0.9894721	0.9793055	0.99601233	0.97462994	0.9564249	0.9445396	0.98172635	0.98009866	1.0	0.9967401	0.98584473	0.7668846	0.97339	0.9945121	0.98303014	0.97090644	0.9986563	0.99888444	0.9848381	0.9283788	1.0	0.8993486	0.9938564	0.99980724	0.95538026	0.78989863	0.99718636	1.0	0.9913596	0.92239285	0.9958441	0.98049533	0.9949724	0.6454777	0.97852725	0.95557135	0.996693	0.93214494	0.9935341	0.9586662	0.99617434	0.9987828	0.9623892	0.99173456	0.95287675	0.8246573	0.8460748	0.9893701	0.99225616	0.9079203	0.7793346	0.96081084	0.98860216	0.9926196	0.98881584	0.92459834	0.93927586	0.99439436	0.91737723	0.97715515	0.95061576	0.8907658	0.9662696	0.99882245	0.99526954	0.79760975	0.9130471	0.897924	0.99142915	0.9119584	0.9464104	0.9715127	0.78680515	0.9204769	0.9501377	0.9988829	0.79356384	1.0	0.9477543	0.9027915	0.9774793	0.98682606	0.9429224	0.9260735	0.8613659	0.95092386	0.9917458	0.9997787	0.9344249	0.93216807	0.9542266	0.9754831	0.9707343	0.99513924	0.6043463	0.9956166	0.90890753	0.8710885	0.8953173	0.9383832
Cédric/name	0.7807284	0.9876067	1.0	0.42167884	0.0	0.7109301	0.5434933	0.596789	0.94946146	0.98720825	0.9590282	0.7101238	0.81694514	0.99812675	1.0	0.64139074	0.9997723	0.7945125	0.94112206	0.8592718	0.92667973	1.0	0.50286627	0.974201	0.80354357	0.83837026	0.8756895	0.9789323	0.99656016	0.9883177	0.96775764	0.96873415	0.9203438	0.9987169	0.9387108	0.9793689	0.99680096	0.92623806	0.9929323	0.9798863	0.9976435	1.0	0.9898945	1.0	0.99550825	0.98645097	0.7918481	0.9730696	0.9940987	0.9975279	0.9995129	0.99447757	1.0	0.9846986	0.8005928	0.9865086	0.9798775	0.97479385	1.0	0.9823081	1.0	0.97640836	0.99849606	0.94146085	0.9826149	0.9983059	0.9993162	0.8187696	0.98355514	0.9920605	0.98199683	0.9574041	0.98697	0.9997497	0.88185203	0.9912829	1.0	1.0	0.999978	0.9204865	0.9420546	0.989121	0.9679691	0.99043286	0.97237635	0.5479755	1.0	0.99930966	0.9902448	0.9987195	0.9984454	0.9773247	0.9902484	0.86202335	0.99528044	0.98016137	0.9919302	0.8581212	0.98292637	0.9925274	0.9997391	0.9873185	0.96976286	1.0	0.8647198	0.89466053	0.9639439	0.97524107	0.90557027	0.98366976	0.9694352	1.0	0.97280014	0.9966512	1.0	0.9553858	0.88178307	0.9999024	0.9845151	0.8866725	0.83602536	0.8415172	0.9892931	0.99393356	0.97959787	0.93992054	0.98474807	0.8366113	0.9998764	0.95880014	0.9442609	0.9998343	0.9335617	0.83286583	0.9643887	0.99598557	0.9842026	0.98508835	0.95275986	0.9473879	0.97724086	0.99717253	0.9981415	0.9777113	0.9226766	0.99693775	0.8689144	0.9639201	0.9661243	0.9000279	0.99626964	0.99768007	0.9973156	0.9239075	0.81483436	0.96474725	0.99485266	0.6558583	0.9826996	0.9513934
De/name	0.6113137	0.78511137	0.9524148	0.46625078	0.7109301	0.0	0.5550014	0.82712865	0.64113003	0.9945188	0.78671247	0.376552	0.8327345	0.9769966	0.98317975	0.43961674	0.95881104	0.9760001	0.9635269	0.55406	0.48231137	0.97890735	0.3467996	0.9749754	0.6631652	0.46400917	0.90126765	0.97006565	0.92394304	0.9347383	0.9152514	0.98791593	0.85886246	0.95101464	0.76048434	0.97254175	1.0	0.7083122	0.98608035	0.99451333	0.9265877	0.9885393	0.9325012	0.9392653	0.9731337	0.92249507	0.7652758	0.8228612	0.8795472	0.90413946	0.9893304	0.97371155	0.99555105	0.8337406	0.77018076	0.98522985	0.9898581	0.9607565	0.9982441	0.9474581	0.9936937	0.9862137	0.993917	0.96790946	0.94620943	0.9800105	0.99643105	0.8691275	0.9958991	0.99198	0.92180055	0.68761885	0.9835518	0.9905562	0.9623461	0.8911675	1.0	1.0	0.9990337	0.9763865	0.9981515	0.98371017	0.99061453	1.0	0.980592	0.7677208	1.0	1.0	0.98530555	0.9834595	0.9982186	0.9616523	1.0	0.6356591	0.96918863	0.9982017	0.99616903	0.9443062	0.9962795	0.95138913	0.9928778	0.9936338	0.93012005	0.9900464	0.94819856	0.95005757	0.88750345	0.98584604	0.9840401	0.96305436	0.8646377	0.9805695	1.0	0.98288035	1.0	0.8403849	0.892064	0.98012006	0.99965966	0.9717116	0.98218805	0.8673918	0.9804384	1.0	0.9983848	0.92488664	0.89659053	0.9216597	0.99287355	0.9400576	0.93111604	0.7549699	0.80997443	0.9202934	0.8661875	0.9982395	0.95704716	0.99977195	0.9573704	0.91698927	0.99278975	0.96414363	0.9027844	0.9688851	0.8858965	0.99244785	0.985951	0.99871397	0.8785082	0.9221002	0.9993814	0.99907666	0.97107446	0.9900834	0.735095	0.99546796	0.9842726	0.8589852	0.98667794	0.936793
Declercq/name	0.40479392	0.81927264	0.98591566	0.3675475	0.5434933	0.5550014	0.0	0.9348532	0.76730186	0.8947165	0.8594486	0.33501786	0.68251693	0.9911523	0.9514437	0.3991058	0.96087795	0.91377866	0.98314106	0.819218	0.8098293	0.9561243	0.50584596	0.96601945	0.88977987	0.8756992	0.94323224	0.92017376	0.9969755	0.9715597	0.87431675	0.94013333	0.8145163	0.9611954	0.85102546	0.96387446	0.9781331	0.90374005	0.9273147	0.94500685	0.9645565	0.9620967	0.9553341	0.9923302	0.9556619	0.88296443	0.6906655	0.96242815	0.91799533	0.97143584	0.9687082	0.9689805	0.9954929	0.803699	0.5464724	0.9854079	0.9885256	0.8905752	0.9950328	0.95377254	0.96358764	0.9857322	0.95674676	0.95460135	0.9728719	0.9853319	0.9949127	0.8678293	0.9452793	0.9994572	0.9805589	0.8512165	0.92661625	1.0	0.9892239	0.96327704	0.9985167	0.9749082	0.9894393	0.9423213	0.96841353	0.95403695	0.9748667	0.986431	0.98026884	0.76659375	0.9050228	0.9821078	0.9989916	0.9444348	0.9840474	0.96822846	0.9767488	0.89919245	0.980206	0.9609533	0.95421845	0.960787	0.94983935	0.9616144	0.97127837	0.96447283	0.9366948	0.9736018	0.85168743	0.9929709	0.8708515	0.9149746	0.9583471	0.9372621	0.8966693	0.92636234	0.9717825	0.9839909	0.9873918	0.8722257	0.8878521	0.98213375	0.9803886	0.98171276	0.96078336	0.80903167	0.92146075	0.9346345	0.9900032	0.9150163	0.95302564	0.74364734	0.9470114	0.93787706	0.96667165	0.9836734	0.8605975	0.8159368	0.9307786	0.989978	0.91890895	1.0	0.89603186	0.9317572	0.9465966	0.9787564	0.8989284	0.90144897	0.6579305	0.98527473	0.9709954	0.9910947	0.9261783	0.8760692	0.9670925	0.98445296	0.9149691	0.96681696	0.85074323	0.9709302	0.9375099	0.80642396	0.96848583	0.9152415
Dekker/name	0.8760701	0.89084065	0.80104625	0.8776413	0.596789	0.82712865	0.9348532	0.0	0.9131972	0.89844495	0.8847765	0.91097975	0.80462766	0.98450124	0.97100717	0.9271172	0.93692106	0.8502471	0.99271923	0.7332489	0.9368182	0.95573807	0.7399652	0.89558864	0.74283785	0.7840414	0.7837554	0.77189034	0.8879948	0.96503645	0.9298706	0.99220276	0.8101864	0.8935651	0.8299382	0.8677801	0.9733475	0.8229222	0.8608986	0.90227646	0.9721797	0.92832637	0.8723063	0.95359546	0.8331872	0.9827328	0.82918334	0.80490685	0.94102263	0.769506	0.95595205	0.9097465	0.913804	0.7938385	0.9463746	0.8797929	0.85817057	0.9005311	0.99391526	0.7681947	0.9487399	0.84169436	0.9234044	0.7653315	0.8758701	0.9627746	0.9947358	0.7426679	0.81789166	0.9217932	0.8084415	0.88495725	0.8702123	0.9733468	0.74527955	0.97210234	0.99189234	0.83426285	0.9528536	0.7317046	0.8342466	0.8658315	0.8843466	0.93800896	0.9177853	0.49487597	0.89386576	0.94467014	0.8838481	0.89045346	0.933106	0.8800078	0.95044833	0.6251623	0.92019737	0.8405235	0.76086587	0.8386598	0.9261811	0.9372334	0.93566895	0.90432435	0.73416084	0.961679	0.807509	0.80243236	0.80705273	0.98191935	0.7149999	0.8754403	0.85444295	0.982231	0.9441474	0.8915098	0.8554258	0.85565233	0.81894207	0.97162956	0.96463084	0.894688	0.9680404	0.8033001	0.8961372	0.96579975	0.95300364	0.8599681	0.6840018	0.8341501	0.76197034	0.8868955	0.9074182	0.8989646	0.7615817	0.7586406	0.8631294	0.8748942	0.8855306	0.9269181	0.8621415	0.82493824	0.86928034	0.9319856	0.94412863	0.8359157	0.944764	0.94275	0.809198	0.9152749	0.90627056	0.7686932	0.774104	0.92745286	0.89339626	0.8973913	0.83708405	0.86855334	0.89647037	0.5622206	0.82035685	0.97975725
Demol/name	0.94117963	0.9333219	0.99801946	0.8285195	0.94946146	0.64113003	0.76730186	0.9131972	0.0	0.9099978	0.84321105	0.6744223	0.4358406	0.90330154	0.9965717	0.55880034	0.75538653	0.9844952	0.9966877	0.86974484	0.871964	1.0	0.704598	0.9976874	0.9290962	0.6575968	0.7326441	0.94056284	0.97999704	0.71211106	0.8542	0.9962813	0.64847934	0.99043864	0.93564284	0.93449605	0.94691503	0.90647554	0.94091034	0.94270253	0.97464776	0.99718237	0.9970001	1.0	0.99776936	0.96540993	0.4302035	0.9057754	0.8204684	0.9903045	0.9485998	0.94227207	0.9329106	0.76640475	0.96778095	0.9028507	0.89956075	0.8629682	1.0	0.927586	0.9802294	0.9120887	0.9607248	0.8694496	0.95836306	0.9975923	0.9989017	0.8237386	0.9700737	0.8908707	0.95027155	0.8730783	0.97476107	0.99579316	0.9638062	0.9819987	0.99619037	0.98054475	0.97104377	0.8581831	0.847193	0.96797836	0.907767	0.9413878	0.90201426	0.76028055	0.9481273	0.9977275	0.97627175	0.9451726	0.9857001	0.8601987	0.923023	0.8922309	0.9315653	0.9611199	0.97328365	0.7489978	0.9318381	0.98355246	0.91021377	0.9540377	0.92866546	0.92500675	0.8551116	0.97634524	0.88937634	0.99129546	0.9501614	0.9470856	0.95064193	0.9382175	0.79817146	0.94967115	0.989855	0.8830938	0.729686	0.95166206	0.9866522	0.93420404	0.99681807	0.55319226	0.9773437	0.9815318	0.9962671	0.9503772	0.9090448	0.87842107	0.94113	0.9311139	0.842031	0.9883952	0.9105977	0.97570705	0.96231765	0.92915773	0.8467063	0.9958015	0.6950128	0.8276076	0.9706373	0.8189658	0.8703298	0.9778329	0.8597614	0.9783479	0.8998927	0.97175634	0.96032447	0.9071896	0.9350714	0.97112226	0.94721526	0.93069094	0.9507558	0.9202122	0.9216659	0.7573098	0.9888177	0.97021276
Europees/adj	0.96847385	0.9146913	0.970402	0.99367857	0.98720825	0.9945188	0.8947165	0.89844495	0.9099978	0.0	0.98449266	0.94885427	0.9150213	0.9445007	0.8842999	0.9698697	0.68417984	0.590204	0.9897213	0.9850488	0.9725941	0.90981627	0.99001825	0.794971	0.9525053	0.95256126	0.9139691	0.9498096	0.9522828	0.80172163	0.92618066	0.91679513	0.8793605	0.84081507	0.8908817	0.7663963	0.7787265	0.9262298	0.7848508	0.88026875	0.94454086	0.93398005	0.9726445	0.99810094	0.8794525	0.9857094	0.84801555	0.944629	0.93165874	0.8822136	0.8941146	0.8963728	0.8326068	0.7648221	0.9333589	0.6828401	0.81978625	0.55924356	0.96966845	0.9134079	0.8642988	0.8286275	0.93072	0.97903734	0.9395897	0.90721107	0.9305716	0.7599673	0.9376508	0.674752	0.738786	0.96196336	0.8391822	0.9849276	0.83913106	0.9755689	0.99941474	0.7315012	0.9869024	0.94302624	0.97885644	0.923894	0.97409314	0.58192945	0.4384486	0.8167656	0.7970922	0.928739	0.40001243	0.8770593	0.56779397	0.98473155	0.8804079	0.9740164	0.96667564	0.8316782	0.94578934	0.9056666	0.8923864	0.9129991	0.4769969	0.9628596	0.89828897	0.85902333	0.7046921	0.91152346	0.8083838	0.9528465	0.5985403	0.7528059	0.9306573	0.8568943	0.7782078	0.8782221	0.9288304	0.9217746	0.8866894	0.78791636	0.8163187	0.9263673	0.9239874	0.81826323	0.85766184	0.65792894	0.6025876	0.9266783	0.70695424	0.65040934	0.77311003	0.9313916	0.76402193	0.98744386	0.91531897	0.8558815	0.86860037	0.6731459	0.93536305	0.9424565	0.7395749	0.93190557	0.7191732	0.5572268	0.5958795	0.91840327	0.97497684	0.9708951	0.8925141	0.6946703	0.8039814	0.7208017	0.78952885	0.9417121	0.64648414	0.8703412	0.95720047	0.9924217	0.840031	0.7495145	0.9721014	0.9216133
Faber/name	0.943877	0.92836773	0.8596462	0.6312431	0.9590282	0.78671247	0.8594486	0.8847765	0.84321105	0.98449266	0.0	0.9043497	0.5248092	0.89539564	0.95016927	0.9525828	0.9048393	0.9679553	0.99515826	0.86954945	0.82906485	0.94508696	0.8047893	0.9695033	0.9168041	0.6725184	0.9617521	0.9765336	0.8408756	0.975951	0.83946824	0.8811425	0.81455755	0.94776934	0.82684004	0.88817984	0.9654307	0.81955767	0.9772831	0.9733903	0.88817877	0.9690286	0.6199013	0.9897775	0.91843915	0.90807104	0.8415371	0.87956786	0.8466649	0.918342	0.9870414	0.88287807	0.9832775	0.86155534	0.7644086	0.77369285	0.9387012	0.92945415	0.99809986	0.9775624	0.9764515	0.9133769	0.9807562	0.9587476	0.9134887	0.9645516	0.9462756	0.8918468	0.97203934	0.9029088	0.95825255	0.7071472	0.9658537	0.9767047	0.9592944	0.9518567	1.0	0.96823597	0.9634474	0.8974002	0.9869138	0.9678026	0.9577768	0.97291875	0.92846173	0.9078083	0.930621	0.96591574	0.94593716	0.9542615	0.9778326	0.9560214	0.9753435	0.48287165	0.88439417	0.9955823	0.9642668	0.9318605	0.9664482	0.9419332	0.9702571	0.9680209	0.88293034	0.970774	0.808112	0.8969923	0.9284157	0.87372077	0.9479047	0.9516199	0.8018796	0.9513852	0.9607824	0.95765346	0.98656845	0.8880696	0.8284214	0.97069556	0.96875864	1.0	0.9465076	0.8683505	0.95249593	0.9810255	0.9878785	0.84769124	0.88532144	0.9757691	0.93329525	0.6680834	0.9122281	0.83533716	0.7957709	0.9848979	0.9155999	0.9692636	0.7506371	0.9526216	0.9038465	0.86679566	0.88552797	0.98901206	0.95673466	0.9365411	0.8561629	0.9778977	0.9692242	0.9846182	0.745293	0.90915585	0.97185355	0.9815636	0.91073006	0.980067	0.61186254	0.9359002	0.9328479	0.90281314	0.966668	0.9743108
Freddy/name	0.41088432	0.79714274	1.0	0.4774086	0.7101238	0.376552	0.33501786	0.91097975	0.6744223	0.94885427	0.9043497	0.0	0.75224185	0.97552127	0.9537916	0.3734908	0.93419445	0.94452876	0.905114	0.7843359	0.60958844	0.9492546	0.48804706	0.8663471	0.7618765	0.7408657	0.8823772	0.80551803	0.96051675	0.91534305	0.87782496	0.9578395	0.78890514	0.94886947	0.89760554	0.9809594	0.9812796	0.8949144	0.9183543	0.8703172	0.9691745	0.91052264	0.9388224	0.9492346	0.8779459	0.8152241	0.6464234	0.8944134	0.8292678	0.8783269	0.98291045	0.96170706	0.97807145	0.8767361	0.8131351	0.9817481	0.95345926	0.9044774	0.9074264	0.78186095	0.97429633	0.9240372	0.8929905	0.91045415	0.9925453	0.9099032	0.98599404	0.8507801	0.84679574	0.984464	0.880102	0.7845942	0.8968283	0.966885	0.84485114	0.95975256	0.90630245	0.95256954	0.9502445	0.9320965	0.97201544	0.90678823	0.9410876	0.97542167	0.96427214	0.8906869	0.8903407	0.9714031	0.99291444	0.8967977	0.9846994	0.8952404	0.9400352	0.77268165	0.8841093	0.9114442	0.9514076	0.82388586	0.9796139	0.9884711	0.92301226	0.9480552	0.7849803	0.9431057	0.8731477	0.9584959	0.8611839	0.9283437	0.9291534	0.92759806	0.862823	0.81770897	0.92774224	0.9114252	0.9907507	0.87010163	0.8885689	0.95151395	0.9282817	0.94968307	0.9233451	0.76760644	0.7921596	0.96767133	0.97429645	0.9268198	0.91368014	0.8124191	0.9490225	0.8770833	0.9353484	0.851303	0.79000753	0.853209	0.92847764	0.9782657	0.9411797	0.99818766	0.9000674	0.9320069	0.9107365	0.93895566	0.88356805	0.8052097	0.782664	0.9863508	0.94477224	0.98768234	0.93362135	0.896536	0.94692343	0.98258984	0.9152929	0.95347357	0.7926167	0.9590844	0.89379156	0.8910366	0.91900855	0.8581923
Gerets/name	0.8480308	0.8105956	0.8754076	0.7637722	0.81694514	0.8327345	0.68251693	0.80462766	0.4358406	0.9150213	0.5248092	0.75224185	0.0	0.9629056	0.8798382	0.77568203	0.8301404	0.8851402	0.97189623	0.8867488	0.8194738	0.9614925	0.77483505	0.89966893	0.82405734	0.77077204	0.5710814	0.94906473	0.943457	0.8224604	0.75590944	0.99854255	0.49758935	0.89087075	0.8684883	0.8647497	0.8945165	0.8277686	0.8905108	0.9312954	0.9464824	0.9642299	0.84033585	0.9843488	0.90507644	0.9263344	0.33759528	0.8143676	0.7869417	0.92945325	0.90858406	0.78992325	0.9211172	0.70268965	0.7542017	0.7542896	0.78504896	0.89601547	0.990264	0.8360399	0.9423823	0.87615156	0.92057425	0.86437523	0.92184293	0.95491844	0.90563965	0.6258779	0.9264894	0.95528895	0.9735645	0.7553787	0.9023909	0.96677434	0.85501844	0.95917964	1.0	0.901422	0.93836874	0.70917714	0.81604505	0.9304652	0.8489051	0.92880166	0.9594617	0.71840274	0.88341504	0.9657329	0.9899778	0.8804499	0.9474257	0.83541954	0.8340105	0.7811782	0.8555304	0.9275324	0.939175	0.8840054	0.877002	0.9540192	0.93388045	0.91250265	0.87687725	0.9869847	0.6490452	0.872434	0.7724344	0.9132143	0.891805	0.86252147	0.8068477	0.9614902	0.8316742	0.9059759	0.99042237	0.7504248	0.6505829	0.9315915	0.92505974	0.8612749	0.9930208	0.42185038	0.9155022	0.89463425	0.9685139	0.79253733	0.8918967	0.66233575	0.837368	0.8001579	0.83700687	0.94412154	0.81225276	0.8224507	0.8950838	0.9632584	0.67280865	0.9769702	0.57981944	0.82266605	0.8440206	0.9385121	0.96313536	0.91616714	0.7906008	0.9639427	0.73510814	0.9402713	0.7921014	0.76024884	0.8496038	0.91760147	0.9065542	0.7912029	0.7664708	0.9094673	0.83533573	0.5532744	0.9640197	0.97995305
Hezbollah/name	0.96505564	0.94842243	0.95178324	0.93727803	0.99812675	0.9769966	0.9911523	0.98450124	0.90330154	0.9445007	0.89539564	0.97552127	0.9629056	0.0	0.9437719	0.998658	0.5103837	0.9810599	0.9621835	0.93944335	0.95775384	0.9245185	0.9791324	0.9388368	0.9521146	0.9787717	0.9630812	0.9935563	0.99848026	0.8937354	0.98863864	0.711048	0.9594386	0.9055539	0.95024717	0.9887224	0.71672714	0.9585491	0.9715718	0.9627341	0.9969319	0.9629882	0.9078565	0.9937964	0.9673747	0.9411749	0.99633044	0.8452951	0.9681365	0.9357139	0.99626786	0.8809819	0.9697788	0.9955901	0.9733251	0.9660667	0.9502352	0.8594836	0.9778914	0.9669955	0.99188447	0.99613553	0.96589756	0.99327576	0.95403737	0.98993605	0.9768352	0.9989991	0.9873866	0.8393864	0.8800903	0.99209327	0.964458	0.9867908	0.9513914	0.97452086	0.9962974	0.92095506	0.95111364	0.9290622	0.97942865	0.9880458	0.9657285	0.8969843	0.82401395	0.9894596	0.89458406	0.97343665	0.9604256	0.95969373	0.92733294	0.98523194	0.8862045	0.98808163	0.9766386	0.98125887	0.9809789	0.9974622	0.9784609	0.98519117	0.8316635	0.94876087	0.98086596	0.8849363	0.8276714	0.86542296	0.95614105	0.8986377	0.93130046	0.87987024	0.8119488	0.87822276	0.7779179	0.96972746	0.9918905	0.9315755	0.98273474	0.81513005	0.90862715	0.9411337	0.9440215	0.9893426	0.9677641	0.902782	0.9256226	0.8989923	0.88696885	0.9689939	0.94084215	0.95087624	0.84742206	0.95205945	0.86781037	0.95241064	0.98946655	0.8643789	0.85100406	0.98791766	0.92441285	0.96644866	0.9332631	0.96050656	0.67479074	0.98977256	0.88865745	0.9828526	0.93853277	0.983656	0.9569641	0.930377	0.94856375	0.9781433	0.9090337	0.9389482	0.6877151	0.9638479	0.9338927	0.9860942	0.97493	0.96491754
Koffrie/name	0.93983245	0.6943849	0.85204434	0.98223454	1.0	0.98317975	0.9514437	0.97100717	0.9965717	0.8842999	0.95016927	0.9537916	0.8798382	0.9437719	0.0	0.99872094	0.8956466	0.9892369	0.9769821	0.9752573	0.90079576	0.8134372	0.9497901	0.61422515	0.80957466	0.9944287	0.840488	0.9266151	0.9990218	0.9274249	0.9083985	0.99458826	0.8209018	0.44638658	0.9755201	0.815854	0.9702515	0.8343696	0.8381836	0.9457937	0.9688873	0.86068016	0.93404394	1.0	0.7839675	0.8624595	0.93816435	0.84292316	0.8660729	0.8447016	0.96893126	0.77271014	0.8633325	0.9291265	0.94483864	0.9037087	0.7497963	0.8186135	0.99645627	0.8664963	0.8475691	0.8217287	0.7864685	0.91152585	0.95368737	0.87960166	0.9365461	0.8727401	0.6501939	0.8226763	0.9494957	0.89801615	0.5464929	0.9170182	0.77788967	0.97230315	0.79836327	0.47265851	0.85864705	0.8334208	0.8876408	0.63103986	0.8630908	0.73130774	0.8562524	0.9818272	0.9025794	0.52429855	0.90070075	0.8742827	0.742948	0.9393755	0.8077945	0.971804	0.9156593	0.7502463	0.9307447	0.9278181	0.86134905	0.92782974	0.7405327	0.8290265	0.7276621	0.9277441	0.86106205	0.94355905	0.5888375	0.9229511	0.7290939	0.5225198	0.8703077	0.97087544	0.93560773	0.7176652	0.9918728	0.9124927	0.8795889	0.6289365	0.8362758	0.7546095	0.994481	0.9757019	0.9065833	0.6618137	0.8341515	0.64927197	0.85387367	0.93720603	0.78465724	0.8681581	0.9741149	0.88911283	0.7593806	0.92472494	0.9051651	0.7995378	0.7750131	0.9308775	0.6932675	0.92585397	0.36990368	0.9009146	0.9596593	0.8627587	0.8507184	0.91289896	0.8033272	0.8665301	0.7413518	0.9076576	0.8199204	0.85152054	0.8247824	0.83047587	0.92109334	0.9332831	0.7258835	0.9943135	0.8875436	0.99635386
Magda/name	0.65563285	0.9750656	0.9979807	0.47621828	0.64139074	0.43961674	0.3991058	0.9271172	0.55880034	0.9698697	0.9525828	0.3734908	0.77568203	0.998658	0.99872094	0.0	0.8956862	0.9417707	0.9401721	0.9311262	0.68357927	1.0	0.51897895	0.9772511	0.8265598	0.7192462	0.9695685	0.9672289	0.99056005	0.9031223	0.9200525	0.9993496	0.9051903	0.99849296	0.916998	0.9995543	0.9915547	0.9433909	0.9945214	0.99853224	0.992738	0.99669653	0.9804214	0.99594724	0.9980228	0.92805964	0.70278513	0.98230064	0.9994837	0.9661658	1.0	0.9959274	0.985334	0.98040164	0.78070813	0.9774269	0.987348	0.98648316	1.0	0.9798134	0.9975342	0.9718415	0.9966139	0.96363	0.9498947	0.9945918	1.0	0.9484229	1.0	0.9864049	0.98336583	0.8876459	1.0	0.9999005	0.981753	0.97915065	0.9728097	0.9999185	1.0	0.9796017	0.9924407	0.9999649	0.9928204	0.98636925	0.9516289	0.8488666	0.99457604	1.0	0.98455423	0.9980387	0.9959779	0.96087766	0.98936373	0.8690549	1.0	0.99546355	1.0	0.917618	0.99941164	0.99362534	0.9838982	0.99678665	0.9872934	0.991191	0.9624643	0.9690171	0.95125604	0.9931277	0.96986187	0.9883852	0.9462919	0.99402815	1.0	0.99712884	0.99763954	0.9679908	0.88768053	1.0	1.0	1.0	0.9917684	0.8485589	0.99681747	0.990348	0.9872414	0.964161	0.9684264	0.86802655	0.9984546	0.98473734	0.94727486	0.96034515	0.9534	0.9923463	0.97583544	0.9946004	0.9932897	0.9667512	0.97937703	0.98253274	0.983044	0.88622165	0.97378665	0.98053646	0.8801996	0.99946404	0.95540714	1.0	0.967635	0.9732657	0.9890221	0.9999294	0.9839384	0.9651045	0.82216835	0.9939666	0.99511546	0.9558392	0.99365866	0.9557451
Midden-Oosten/name	0.93260354	0.9086495	0.9119972	0.9666693	0.9997723	0.95881104	0.96087795	0.93692106	0.75538653	0.68417984	0.9048393	0.93419445	0.8301404	0.5103837	0.8956466	0.8956862	0.0	0.7718015	0.9314086	0.9913268	0.9691392	0.97316116	0.980381	0.87603664	0.93793744	0.8544945	0.96442163	0.92564404	0.9964873	0.7369879	0.89143384	0.81872725	0.88569504	0.8816024	0.9535268	0.9384613	0.6237924	0.9339968	0.85595644	0.819848	0.92770565	0.93409395	0.8764411	0.9845058	0.8561536	0.9140447	0.88309014	0.88729924	0.86934245	0.8708159	0.9933098	0.8304126	0.9218077	0.9507635	0.93228793	0.76079786	0.8890389	0.7383381	0.97736233	0.87202626	0.79174125	0.93748647	0.90881485	0.9533361	0.92738694	0.83410364	0.89436245	0.96764606	0.9655269	0.70559204	0.6963223	0.897858	0.9435519	0.9650192	0.8730197	0.9347894	1.0	0.8029663	0.98124194	0.9376276	0.9778236	0.9493584	0.99273115	0.6022715	0.6271073	0.9383052	0.9048371	0.9780787	0.84710205	0.9288972	0.74910164	0.9475676	0.8497286	0.9355031	0.9718238	0.9009652	0.8940757	0.8958726	0.9700046	0.8811686	0.60505736	0.98786724	0.9529269	0.8154061	0.8268024	0.8761572	0.80373186	0.8799747	0.5996146	0.74590164	0.848302	0.7363167	0.7864362	0.92191297	0.9103273	0.9833298	0.84240246	0.7382221	0.8025197	0.88300675	0.94270056	0.8237717	0.8612835	0.7829731	0.79339945	0.94413704	0.75095665	0.8470331	0.8042859	0.8809761	0.68416965	0.98752916	0.91026044	0.91408414	0.93711925	0.7379484	0.8430377	0.94261456	0.8057141	0.93991154	0.8124233	0.647894	0.65901124	0.90919214	0.8242682	0.9464039	0.9079424	0.8407287	0.8915467	0.92172986	0.85709536	0.91794056	0.78401583	0.89723396	0.7835772	0.969624	0.8189075	0.9796281	0.9713756	0.83950186
Polen/name	0.97067946	0.96706444	0.9913365	0.86445355	0.7945125	0.9760001	0.91377866	0.8502471	0.9844952	0.590204	0.9679553	0.94452876	0.8851402	0.9810599	0.9892369	0.9417707	0.7718015	0.0	0.90458137	0.88999265	0.91090226	0.990614	0.9453482	0.89050454	0.936941	0.9097671	0.870263	0.9752964	0.9960586	0.92077005	0.873111	0.9177388	0.78687257	0.89339966	0.8853371	0.90079546	0.8762304	0.91186434	0.8406506	0.88093984	0.91067135	0.82831216	0.8538724	0.9906997	0.9208669	0.89829695	0.8725324	0.8415252	0.89594585	0.9109358	0.9995351	0.928055	0.92556584	0.84203273	0.8342919	0.7304314	0.83175796	0.7233093	0.970994	0.924983	0.8674991	0.9663496	0.97609824	0.9491426	0.9558873	0.8844516	0.9979393	0.60683393	0.97062147	0.8371118	0.8583716	0.8613623	0.94919187	0.9914909	0.87612045	0.96860576	1.0	0.93334246	0.96886075	0.8479563	0.9721673	0.9200546	0.9552914	0.8786634	0.64077234	0.6715308	0.939528	0.9567116	0.81161594	0.90829074	0.85580105	0.92653704	0.9349785	0.9093222	0.95980567	0.9556396	0.92648804	0.8532951	0.9162489	0.9819725	0.8812583	0.946064	0.92264116	0.9147321	0.7403649	0.86249816	0.8493297	0.9153843	0.6774685	0.8738532	0.8547535	0.9282744	0.9185662	0.90608644	0.9088517	0.9243295	0.80612725	0.9500531	0.916913	0.8567992	0.92927176	0.7181171	0.88615406	0.8879545	0.87324667	0.8402685	0.83324254	0.56550014	0.9505749	0.9091816	0.5673286	0.99510413	0.8974708	0.7189344	0.83298284	0.9797579	0.83640224	0.97910845	0.8314287	0.90882057	0.8794795	0.7321173	0.83630806	0.9106638	0.9752265	0.91935897	0.83434373	0.87190425	0.79033375	0.6859615	0.9428889	0.9755556	0.837541	0.8784002	0.9791284	0.90182114	0.95030373	0.61950356	0.8723213	0.7792829
Priscilla/name	0.98233736	0.9890988	1.0	0.9489773	0.94112206	0.9635269	0.98314106	0.99271923	0.9966877	0.9897213	0.99515826	0.905114	0.97189623	0.9621835	0.9769821	0.9401721	0.9314086	0.90458137	0.0	0.8656415	0.9991548	0.98541147	0.76047343	0.9565397	0.915172	0.984008	0.9894684	0.99731004	1.0	0.95719934	0.9958402	0.9886782	0.85022926	0.9641557	0.9671156	0.9847366	0.9192617	0.9819362	0.98887646	0.788967	0.9829179	0.83653563	0.83833426	0.9596069	0.87615275	0.39090413	0.8933476	0.95175564	0.9842129	0.94269013	0.99438053	0.88137805	0.96386385	0.99063295	0.86607176	0.9259655	0.9597115	0.97780955	0.98819876	0.98192745	0.96313244	0.98687476	0.9932301	0.93299806	0.9896826	0.8465383	0.99257517	0.9979599	0.9728668	0.8974488	0.9795715	0.9330913	0.99680865	0.9666063	0.99364597	0.95192623	0.78915274	0.950299	0.95783246	0.8326514	0.7192483	0.9983541	0.95082265	0.9468758	0.97357905	0.985952	0.9787052	1.0	0.99352497	0.9808967	0.9589766	0.8846957	0.8779612	0.864997	0.9310884	0.99732983	0.87546337	0.85181355	0.9726681	0.93633336	0.98611796	0.9762463	0.9878508	0.5482673	0.97976655	0.9839137	0.94289964	0.68800837	0.9911337	0.91568524	0.8856227	0.9837981	0.9616106	0.9983075	1.0	0.9937646	1.0	0.7431473	0.9013531	0.9763368	0.9363864	0.99984246	0.8604418	0.9669604	0.9472037	0.9406177	0.998651	0.9993739	0.97616	0.97846675	0.9853314	0.9855419	0.9771236	0.9995639	0.99390984	0.97289	0.5991252	0.98160434	0.9648336	0.53908956	0.99881923	0.8800669	0.80471677	0.9849345	0.92921877	0.86043155	0.937422	0.9965652	0.97175425	0.9991856	0.98032725	0.936008	0.936754	0.9017176	0.9493986	0.8607436	0.9447706	0.9959745	0.9826503	0.9183932
Rob/name	0.71652585	0.88441634	0.98278475	0.6545998	0.8592718	0.55406	0.819218	0.7332489	0.86974484	0.9850488	0.86954945	0.7843359	0.8867488	0.93944335	0.9752573	0.9311262	0.9913268	0.88999265	0.8656415	0.0	0.8573346	0.945904	0.4689756	0.9341118	0.3628338	0.65470564	0.699314	0.91917133	0.9974797	0.85682744	0.80610394	0.94647616	0.6042672	0.8283329	0.7124964	0.8480627	0.9979951	0.6954706	0.9289245	0.7497217	0.832752	0.79856586	0.8070417	0.8946102	0.86615235	0.8953156	0.68954	0.616254	0.82537425	0.8992304	0.96753	0.9474701	0.9597279	0.6145616	0.61255866	0.8837591	0.96502686	0.9465471	0.9947154	0.91713655	0.9804247	0.8776336	0.9279609	0.86765367	0.8286839	0.8939018	0.9907768	0.8693274	0.9235401	0.93635184	0.9228158	0.6764374	0.9154137	0.99999243	0.898291	0.97497094	0.9998273	0.95843095	0.98342186	0.78491473	0.950905	0.9167696	0.9542018	0.99857885	0.9759777	0.7388002	0.9423264	0.99735296	0.98991776	0.89595014	0.99506074	0.9104135	0.94551194	0.64961624	0.96265244	0.9252053	0.8203488	0.7966008	0.972991	0.87317836	0.97576815	0.980138	0.87925124	0.91612804	0.9817029	0.8971483	0.75656253	0.90481573	0.94182664	0.89527667	0.8147932	0.9518361	0.95124906	0.9485201	0.9479301	0.6847286	0.8663223	0.94374603	0.923891	0.96973944	0.97649455	0.8332778	0.8636066	0.99384433	0.9913526	0.83439195	0.77751064	0.9636317	0.9092384	0.91794777	0.9568287	0.9990639	0.7071843	0.8882127	0.8127761	0.98715603	0.8164903	1.0	0.8979687	0.8226652	0.9549611	0.9262189	0.7438871	0.869081	0.93624026	0.9132813	0.9880144	1.0	0.91973853	0.8089671	0.91927814	0.98294264	0.91160595	0.9705221	0.67599636	0.8797147	0.95586634	0.82358646	0.8789233	0.9770454
Standaard/name	0.64621246	0.6117832	0.9577191	0.7478864	0.92667973	0.48231137	0.8098293	0.9368182	0.871964	0.9725941	0.82906485	0.60958844	0.8194738	0.95775384	0.90079576	0.68357927	0.9691392	0.91090226	0.9991548	0.8573346	0.0	0.98453075	0.78597575	0.9052384	0.8345257	0.65199375	0.819767	0.98304087	0.9667687	0.99914175	0.83344376	0.96409714	0.86604494	0.955278	0.7739321	0.91229427	0.97808784	0.8608308	0.8354505	0.9881233	0.8813615	0.905042	0.84520876	0.99737734	0.95423144	0.8900677	0.86098146	0.7997062	0.93281347	0.8085357	0.9745982	0.90023625	0.94885755	0.9282482	0.822368	0.91236264	0.9194318	0.9145478	0.9313353	0.89484006	0.9204162	0.9051647	0.9327334	0.9513621	0.9197553	0.95287263	0.8743939	0.83969325	0.9994356	0.9970638	0.9079906	0.65573037	0.93625534	0.9671663	0.94355386	0.75022656	0.9849285	0.99593216	0.97589517	0.9218931	0.99426603	0.90444225	0.94132775	0.9964565	0.97949743	0.8983683	0.9830775	0.9270332	0.9970526	0.88866585	0.9866722	0.974794	0.9372493	0.7462328	0.9300936	0.9610185	0.9841281	0.9369024	0.91328526	0.9274355	0.95665205	0.92603946	0.932954	0.97258246	0.8775371	0.95321596	0.88567615	0.9238801	0.95795304	0.84785146	0.8112437	0.9830917	0.914078	0.94360673	1.0	0.8206785	0.9319489	0.96330523	0.9571921	0.96943957	0.9702428	0.82268786	0.9797395	0.9939169	0.9858855	0.8057814	0.90786624	0.8958219	0.8978985	0.8551395	0.97208166	0.6788894	0.7462955	0.8071056	0.88373625	0.98440677	0.8807792	0.9304498	0.91004705	0.9557415	0.9708494	0.99577034	0.9204759	0.95147395	0.9869356	0.8736835	0.90858316	0.9780918	0.7035729	0.839324	0.88682574	0.955353	0.85730344	0.9005387	0.7653344	0.99283403	0.8944817	0.8568096	0.9414812	0.95003223
Swatch/name	0.95873636	0.9202811	0.9773491	0.94305354	1.0	0.97890735	0.9561243	0.95573807	1.0	0.90981627	0.94508696	0.9492546	0.9614925	0.9245185	0.8134372	1.0	0.97316116	0.990614	0.98541147	0.945904	0.98453075	0.0	0.9712528	0.92088634	0.87853134	0.98956335	0.93659174	0.87545085	0.9619422	0.89052147	0.9739358	1.0	0.8888078	0.8439319	0.9931246	0.88136995	0.99720144	0.8637643	0.7528639	0.94629556	0.94507873	0.86975557	0.99361885	0.9559124	0.8570112	0.9455867	0.95984846	0.9031443	0.9869739	0.9688255	0.74986947	0.93806416	0.9095395	0.98928684	0.95908344	0.9913559	0.8811697	0.90373814	0.9713726	0.8827384	0.89760214	0.9667498	0.6679784	0.8679181	0.8206376	0.9204447	0.97673535	0.9120678	0.79807144	0.9170755	0.97339535	0.95416844	0.66429186	0.8071997	0.94708705	0.94941276	0.98746103	0.85909677	0.92490005	0.90488803	0.8788837	0.85030395	0.89997995	0.8997721	0.9183251	0.9879198	0.84143686	0.8538294	0.8696547	0.8444717	0.6574349	0.9385738	0.8861099	0.9452717	0.94739705	0.6146087	0.938959	0.9997582	0.9428209	0.950399	0.8625344	0.89796257	0.8235436	0.96143353	0.9936693	0.94460547	0.68737257	0.9716624	0.8824242	0.8796481	0.9384074	0.9638033	0.8974575	0.7622666	0.9645374	0.970147	0.9525513	0.8839593	0.8880774	0.97670794	0.9657743	0.9843928	0.8846214	0.9738523	0.91689086	0.87505805	0.9504888	0.9760852	0.86799264	0.9932402	0.92572194	0.81610405	0.8913809	0.97086084	0.9103127	0.94335604	0.92746073	0.909802	0.9360184	1.0	0.80438006	0.90390843	0.72107375	0.7095374	0.8856771	0.91445553	0.9004598	0.9829641	0.94747555	0.97663426	0.8413001	0.87137574	0.9539089	0.67241	0.66960025	0.93175495	0.8486762	0.99663675	0.8170761	0.9149327
Van/name	0.6918852	0.9215405	0.9272667	0.3819276	0.50286627	0.3467996	0.50584596	0.7399652	0.704598	0.99001825	0.8047893	0.48804706	0.77483505	0.9791324	0.9497901	0.51897895	0.980381	0.9453482	0.76047343	0.4689756	0.78597575	0.9712528	0.0	0.93997616	0.4653824	0.6769701	0.85722125	0.9536473	0.89545107	0.9149916	0.93055314	1.0	0.7798103	0.8597817	0.90721464	0.9499605	0.9997122	0.7342009	0.9789785	0.97260386	0.9796212	0.9760833	0.89803636	0.90202594	0.94661295	0.7922876	0.6921373	0.8287586	0.87443036	0.96551275	1.0	0.9484052	0.99579567	0.8003052	0.794402	0.95301646	0.9978824	0.9859037	1.0	0.9225295	0.9979142	0.98923105	0.968507	0.9346935	0.9488726	0.95006025	1.0	0.8624679	0.98274857	0.9802982	0.9942009	0.8574031	0.94157434	0.986881	0.97059226	0.99735796	1.0	0.9631607	0.99547774	0.92816675	0.89619046	0.9615005	0.97320443	0.99563146	0.9722461	0.71248746	0.97009915	0.99209553	0.9828794	0.9925748	0.99253005	0.94327986	0.9823697	0.63183546	0.9463731	0.98218906	0.98089665	0.910827	0.9888992	0.9802788	0.9591128	0.9856311	0.8834186	0.91735035	0.9244694	0.9359954	0.7975677	0.96113586	0.9797796	0.9437242	0.88675565	0.99477345	0.9952889	0.96669245	0.99924076	0.78705865	0.89647657	0.87301815	0.9956239	0.9563629	0.9388108	0.82602215	0.9862632	0.9987091	0.9833398	0.8852507	0.8966198	0.9022966	0.97713417	0.9516948	0.9629262	0.9280621	0.7557881	0.9279373	0.93552744	0.99681747	0.82525903	1.0	0.89584273	0.7382004	0.9578848	0.9782271	0.8128978	0.9487951	0.8997989	0.9867962	0.97216594	0.99652815	0.9536163	0.92966163	0.98809505	0.9953949	0.985738	0.98449284	0.6803601	0.97881067	0.9472288	0.76870966	0.9860371	0.93083036
