	Habibie/name	aanbesteding/noun	aanbieding/noun	abonnement/noun	accoord/noun	adres/noun	advies/noun	algemeen/adj	alibi/noun	alleen/adj	alternatief/noun	altijd/adv	arbeid_vergunning/noun	argument/noun	arrangement/noun	bekentenis/noun	besluit/noun	betaal_middel/noun	biljet/noun	bod/noun	bon/noun	boord_document/noun	bouw_aanvraag/noun	conventie/noun	dagvaarding/noun	die/det	diploma/noun	dit/det	document/noun	doelpunt/noun	door/adj	eind_uitslag/noun	en/vg	enkel/adj	enquête/noun	euro/noun	excuus/noun	exploitatie_vergunning/noun	frank/noun	gemeente/noun	gewoon/adj	gezien/adj	goal/noun	goedkeuring/noun	handtekening/noun	huur_contract/noun	huwelijk/noun	identiteitsbewijs/noun	jaar/noun	juridisch/adj	kaart/noun	kandidatuur/noun	lang/adj	licentie/noun	lid_kaart/noun	niet/adv	nog/adv	offerte/noun	onbeperkt/adj	onverminderd/adj	overeenkomst/noun	papier/noun	paspoort/noun	patent/noun	poging/noun	principe/noun	rechtbank/noun	rede/noun	reden/noun	referendum/noun	regel/noun	reis_pas/noun	reservatie/noun	rijbewijs/noun	slechts/adv	status/noun	stem/noun	stem_biljet/noun	strip_kaart/noun	tarief/noun	ten/adv	ticket/noun	toelating/noun	toestemming/noun	treffer/noun	trein_kaart_DIM/noun	typering/noun	uitkomst/noun	uitslag/noun	universeel/adj	verblijf_status/noun	verblijfsvergunning/noun	vergunning/noun	verklaring/noun	vervoer_bewijs/noun	verzekering/noun	verzoek/noun	visum/noun	vonnis/noun	voorwaarde/noun	wagen/noun	wereldwijd/adj	werk_vergunning/noun	wet/noun	wijze/noun	wil_beschikking/noun	ze/pron
Habibie/name	0.0	0.97273344	0.9872028	0.9984215	0.9659334	0.9734923	0.98229057	0.9790629	0.9786626	1.0	0.9864993	1.0	0.9831085	0.97520405	0.97294533	0.94280285	0.9571467	0.9854098	0.9920757	0.9787844	0.9797091	0.99393517	0.9835939	0.9946291	0.97558	0.9930462	0.9918387	0.98273504	0.97052556	0.9749516	0.99398506	0.9869981	0.96392876	0.9699997	0.96744895	0.976676	0.9506072	0.97527325	0.9693341	0.9995272	1.0	0.974163	0.9894089	0.9651978	0.98685944	0.98737776	0.9885453	0.99670756	0.9701012	0.99694765	0.99343485	0.9252635	0.99308425	1.0	0.9989454	1.0	0.98676306	0.9714753	0.9830624	0.9443913	0.9846598	0.9882521	0.9805566	0.98110145	0.96818036	0.99281216	0.95509803	0.9466334	0.9926415	0.93183625	0.99583995	0.99065137	0.9862455	0.94688016	0.97499406	0.95834786	0.9565066	0.991835	0.96967775	0.9921175	0.9495087	0.98712355	0.99328125	0.9846476	0.9928833	0.9988053	0.9583836	0.9861422	0.9552661	0.99682707	1.0	0.9736285	0.9843988	0.97030604	0.9992892	0.97235465	0.91070235	0.98421884	0.91478336	0.9964406	0.9658217	0.98374665	0.9620565	0.97426206	0.9798597	1.0	1.0
aanbesteding/noun	0.97273344	0.0	0.9929292	0.9643627	0.9199701	0.96376073	0.92447114	0.9472796	0.96805096	0.97719383	0.9308376	0.99049175	0.9739058	0.97132295	0.9684707	0.9866143	0.94786173	0.93359596	0.94091517	0.92362475	0.95301443	0.9940449	0.93542534	0.96803147	0.96375716	0.9677033	0.9473776	0.93564343	0.9548521	0.969346	0.98849344	0.99498886	0.9169894	0.97514987	0.93038374	0.9008715	0.9846521	0.93690795	0.9053256	0.85516673	0.98482865	0.9482964	0.9751836	0.880339	0.9556896	0.92402136	0.97608894	0.961801	0.89225316	0.918083	0.9510145	0.9452822	0.9545872	0.941004	0.9878941	0.9907813	0.91772336	0.9610298	0.9794714	0.9666356	0.90363646	0.9698945	0.96805996	0.9689834	0.9859351	0.96915555	0.9717023	0.97425795	0.9591279	0.9409805	0.9620433	0.9781637	0.9486394	0.96735764	0.9117628	0.98498595	0.9352395	0.97444946	0.9438675	0.89187104	0.90414053	0.95026433	0.9573438	0.9205756	0.976984	0.94535583	0.96605784	0.9615745	0.97327393	0.98898906	0.9786046	0.9752096	0.8979887	0.9719857	0.93534684	0.94194824	0.9532526	0.9800434	0.9402501	0.93231636	0.9256324	0.90695596	0.98544204	0.95627856	0.9661469	0.9824919	0.9998479
aanbieding/noun	0.9872028	0.9929292	0.0	0.90207946	0.9266138	0.9428873	0.95116884	0.9160848	0.97824854	0.9619884	0.9255106	0.9482548	0.97688615	0.9718479	0.92445135	0.9677676	0.9179823	0.9574073	0.9280293	0.9082854	0.9437601	0.97350717	0.95419866	0.97421575	0.9636049	0.95916474	0.96341693	0.8997666	0.9397466	0.8744341	0.9572549	0.984905	0.8541651	0.95157534	0.8886099	0.8687221	0.9407175	0.98173183	0.8733571	0.8985307	0.92965883	0.93889856	0.88338554	0.97467643	0.90562606	0.9442756	0.95347023	0.9927955	0.89828193	0.948346	0.8674805	0.9558491	0.92387825	0.9257406	0.93176305	0.9192175	0.92377496	0.96633464	0.95406437	0.97232866	0.9042231	0.9489434	0.9124727	0.9416392	0.9069411	0.9473691	0.9008163	0.9570144	0.9117251	0.96133965	0.9770183	0.96588844	0.98200226	0.936586	0.86383706	0.93847334	0.9015574	0.9814221	0.9483726	0.9018478	0.9250163	0.89770406	0.9747996	0.9250076	0.8588837	0.9643	0.9747999	0.9748201	0.9211012	0.96670485	0.93785584	0.9671052	0.963187	0.9545203	0.9804711	0.92034835	0.936001	0.91441953	0.8999721	0.9283762	0.8793774	0.8953457	0.93248564	0.9580578	0.93185323	1.0	0.98695433
abonnement/noun	0.9984215	0.9643627	0.90207946	0.0	0.9266922	0.8817827	0.96393096	0.91333556	0.9661116	0.97218573	0.96992576	0.9786959	0.975994	0.97956336	0.92893815	0.98757416	0.9706419	0.9815764	0.8304389	0.85517836	0.9050047	0.98816115	0.8824918	0.9677229	0.9542036	0.9708667	0.9480301	0.86008817	0.8857448	0.92314625	0.9788152	0.9861482	0.92183864	0.9722699	0.815874	0.6675765	0.9676449	0.982209	0.64728975	0.85033387	0.93483675	0.95041853	0.934378	0.96837205	0.7144011	0.97689515	0.95657444	0.988331	0.70228624	0.9729286	0.75545496	0.9561253	0.8531742	0.92194813	0.8666738	0.99273777	0.87855875	0.9311981	0.91907346	0.97458696	0.94329804	0.93168193	0.9252859	0.9604807	0.96405727	0.9649619	0.9547911	0.92913795	0.98030597	0.9463144	0.9728259	0.9455047	0.8986213	0.94064415	0.7002536	0.976413	0.8132765	0.9103177	0.96752715	0.83549213	0.81128854	0.6934412	0.9275309	0.9466857	0.96843696	0.9535414	0.98858625	0.9404264	0.9055216	0.9405139	0.96698517	0.8963559	0.9091952	0.9856275	0.9238261	0.9141497	0.96108574	0.94788617	0.9591371	0.9596823	0.8065714	0.6919652	0.8627459	0.95033747	0.9672115	0.99950784	0.99872696
accoord/noun	0.9659334	0.9199701	0.9266138	0.9266922	0.0	0.92773795	0.8999542	0.83415097	0.9511225	0.9307605	0.909383	0.9255626	0.97022945	0.89436007	0.9670385	0.9503808	0.84160626	0.939466	0.95835006	0.8301458	0.9487463	0.994224	0.94184273	0.9290777	0.94755787	0.93046784	0.94536245	0.8974873	0.8999331	0.90845466	0.97080666	0.9904565	0.80263585	0.9022827	0.89042467	0.8932524	0.90702003	0.9464508	0.8995666	0.9019203	0.9300485	0.9238122	0.90618515	0.8469749	0.9065455	0.92950666	0.94358045	0.9609533	0.89855766	0.8589427	0.9035543	0.89063376	0.9286681	0.856456	0.9680886	0.93889713	0.9021976	0.9518055	0.932953	0.9361181	0.75398266	0.93419063	0.9463024	0.95225286	0.8488685	0.8818068	0.883838	0.9002434	0.87572587	0.88608366	0.9506253	0.98505956	0.9872222	0.9618351	0.88084763	0.89078295	0.8957358	0.9568239	0.9796118	0.88921946	0.88687044	0.9280716	0.8992667	0.8354253	0.9425389	0.98675597	0.98687303	0.94381815	0.93625176	0.9743887	0.9736381	0.95122933	0.871611	0.8337089	0.9864176	0.90884745	0.89164394	0.89429325	0.8864699	0.8573511	0.922762	0.86404735	0.9631727	0.8346833	0.92812824	0.9882412	0.9743645
adres/noun	0.9734923	0.96376073	0.9428873	0.8817827	0.92773795	0.0	0.9371031	0.9241506	0.9813011	0.9664491	0.9596559	0.9626766	0.99735945	0.949112	0.91939104	0.94368905	0.91823596	0.99018705	0.9247482	0.9283217	0.90670455	0.94550157	0.9425991	0.95167935	0.94574106	0.9822072	0.942785	0.9321824	0.90886396	0.91216433	0.95739365	0.9825989	0.9035777	0.9367129	0.88850695	0.8284054	0.95393485	0.9811712	0.8254757	0.8753951	0.9558113	0.9480305	0.9128799	0.96388865	0.85124624	0.9694082	0.9296409	0.9811696	0.84965605	0.939766	0.82624954	0.96209157	0.90584856	0.9486245	0.942166	0.9889496	0.9307937	0.9165117	0.957484	0.96192783	0.93366873	0.9318906	0.94566554	0.9606578	0.93068933	0.9586325	0.90525955	0.9465347	0.94788915	0.95059067	0.9570837	0.98632073	0.8873949	0.90966356	0.83405244	0.9479505	0.84708375	0.91421247	0.95436996	0.91660285	0.8864975	0.76156986	0.9714048	0.93007797	0.9345004	0.94709986	0.98214567	0.9585945	0.9243332	0.9546869	0.9834773	0.93561405	0.91005284	0.94808185	0.95782316	0.9133014	0.9187478	0.9681497	0.95700943	0.96225077	0.8678792	0.85227126	0.9478613	0.9416054	0.9381351	0.9814936	0.9688515
advies/noun	0.98229057	0.92447114	0.95116884	0.96393096	0.8999542	0.9371031	0.0	0.8529922	0.99998534	0.93667793	0.93694735	0.9489111	0.99716514	0.84456503	0.9832384	0.9698179	0.828963	0.9958422	0.9698777	0.9224868	0.967609	0.9913788	0.9459863	0.9710015	0.98446023	0.8922309	0.96214426	0.8792415	0.92438537	0.9613951	0.9649651	0.99333566	0.8446481	0.94186723	0.92122495	0.9282566	0.9165881	0.92209214	0.92792535	0.84214777	0.9425492	0.920937	0.9509083	0.8609742	0.93086654	0.9969882	0.9241546	0.99306417	0.9331973	0.8975747	0.94680214	0.8944814	0.9637044	0.9573568	0.9976641	0.9503512	0.94283766	0.9990459	0.97869134	0.98671967	0.8937706	0.90279007	0.98553026	0.9782251	0.93057185	0.9450031	0.93994594	0.9519708	0.89914775	0.9438202	0.8943534	0.98467493	0.9892081	0.9211141	0.9072259	0.97221136	0.928756	0.9826318	0.9965559	0.92163414	0.9047595	0.9470854	0.8930168	0.8636606	0.96583927	0.976041	0.9930156	0.92002076	0.94433993	1.0	0.9957683	0.9799894	0.8717525	0.8902645	0.97996145	0.9347863	0.87950915	0.9845432	0.9340819	0.87455994	0.940625	0.92371887	0.97295636	0.90658355	0.9130026	0.99769896	0.98579466
algemeen/adj	0.9790629	0.9472796	0.9160848	0.91333556	0.83415097	0.9241506	0.8529922	0.0	0.96445435	0.8945505	0.90526867	0.9120836	0.9713605	0.87049204	0.95526797	0.9426168	0.8873528	0.9708934	0.9560718	0.8790539	0.9381103	0.9672589	0.9543429	0.96145475	0.94964397	0.93727124	0.9047746	0.8873225	0.88892466	0.89194065	0.95605415	0.97703636	0.7860522	0.8873028	0.89070046	0.8550244	0.942358	0.9909039	0.8618276	0.8673577	0.9289274	0.8825915	0.9259947	0.9270318	0.9003324	0.96662444	0.9162806	0.989385	0.8715296	0.86723477	0.8990226	0.91378593	0.9078369	0.92742425	0.98524284	0.9413593	0.8961134	0.97071224	0.97357804	0.976871	0.83144915	0.9111569	0.9602458	0.9159403	0.85905993	0.8937536	0.8829812	0.937037	0.8477432	0.9432411	0.8600635	0.9934197	0.97020036	0.9525301	0.8523603	0.91009027	0.8561776	0.9783612	0.9849839	0.9042745	0.8831825	0.9196496	0.940082	0.9106036	0.900173	0.982787	0.98828506	0.9275087	0.87958807	0.95890766	0.9996263	0.96234864	0.912422	0.84914684	0.994	0.9015162	0.8656288	0.9684264	0.9066911	0.8926836	0.9182665	0.8651494	0.9539443	0.83526796	0.8845718	0.96869904	0.97521096
alibi/noun	0.9786626	0.96805096	0.97824854	0.9661116	0.9511225	0.9813011	0.99998534	0.96445435	0.0	0.9736735	0.97340375	0.99609905	0.9479315	0.9924532	0.9544142	0.9112885	0.9746209	0.99583316	0.9953661	0.9949136	0.9942728	0.9823102	0.9775354	0.95700634	0.93756187	0.9946897	0.9894401	0.9975887	0.9789111	0.97225624	0.98749626	0.9970808	0.92153364	0.99543124	0.97578496	0.9824021	0.9655222	0.9981261	0.9760031	0.99024683	0.98101455	0.98627347	0.98422164	0.968037	0.97418314	0.98421454	0.91252357	0.9903216	0.97973466	0.9908827	0.97592765	0.94667625	0.9931746	0.98487544	1.0	0.98721063	0.99018383	0.9783089	0.9850376	0.93342197	0.96979463	0.9831266	0.96905077	0.97648716	0.9808932	0.9677722	0.92677164	0.95505583	0.98721457	0.9562991	0.9878654	0.99234974	0.9939463	0.94740355	0.9776879	0.976909	0.97947204	0.99007326	0.9834788	0.9876215	0.98037905	0.9625369	0.97678745	0.96119726	0.985019	0.99567753	0.951538	0.98419434	0.9807883	0.9847456	1.0	0.97375137	0.97681147	0.95120186	0.9885258	0.9880302	0.97140855	0.9880006	0.9522516	0.9539967	0.9527058	0.9864502	0.9993764	0.95776343	0.9572822	0.98294437	1.0
alleen/adj	1.0	0.97719383	0.9619884	0.97218573	0.9307605	0.9664491	0.93667793	0.8945505	0.9736735	0.0	0.9325459	0.81625926	0.9864637	0.9386926	0.98707503	0.9547683	0.9251715	0.99676496	0.98049283	0.96002084	0.96775043	1.0	0.9963172	0.98062235	0.9757353	0.90387076	0.9530956	0.9293822	0.936731	0.93448734	0.9637054	0.9966945	0.793103	0.89202183	0.92590356	0.952659	0.9503056	0.9857998	0.96116924	0.92806166	0.82399315	0.90546876	0.9330724	0.95167583	0.95303154	0.99193186	0.9392697	0.9635967	0.94310665	0.93028086	0.91612816	0.9495628	0.9026524	0.9755201	0.9984292	0.8666027	0.9008097	1.0	0.926374	0.9627014	0.9131843	0.9289772	0.96069527	0.97860956	0.905786	0.92719334	0.9364071	0.9457502	0.89677596	0.9210841	0.9342562	0.9996092	0.98847103	0.97986144	0.90540904	0.92199063	0.9311551	0.9965476	1.0	0.9374314	0.9295552	0.9414107	0.96758497	0.91351825	0.93369824	1.0	0.9918377	0.96532154	0.947835	0.94406384	1.0	0.9724474	0.95484114	0.90228605	0.98301625	0.94398475	0.9244986	0.96010643	0.97083735	0.89632136	0.947934	0.9196325	0.9784291	0.9382474	0.89329284	1.0	0.90974534
alternatief/noun	0.9864993	0.9308376	0.9255106	0.96992576	0.909383	0.9596559	0.93694735	0.90526867	0.97340375	0.9325459	0.0	0.908455	0.9652818	0.9029677	0.96141344	0.95362264	0.9053327	0.97692776	0.99360144	0.93634576	0.93478054	0.9876795	0.9878385	0.9652626	0.9745652	0.94536555	0.9749186	0.9468298	0.9592483	0.9078769	0.90988433	0.9829936	0.85628766	0.95098937	0.9094334	0.9423788	0.9394267	0.9959706	0.9528652	0.9232478	0.9251446	0.9376373	0.93758744	0.94766444	0.9276811	0.9807962	0.94257724	0.9849681	0.93565977	0.93877566	0.92494893	0.9283168	0.9235805	0.9397124	0.9862106	0.9002479	0.93067205	0.987784	0.99442345	0.9529029	0.91573006	0.91273105	0.9572862	0.9811314	0.88221675	0.92952627	0.94176364	0.9266253	0.8459656	0.96914715	0.95202124	0.9871535	1.0	0.95739764	0.92342764	0.93437564	0.9288331	0.9777876	0.99601465	0.9553076	0.90559894	0.9674731	0.94813734	0.9198137	0.93363696	0.9779671	0.9805103	0.95002395	0.95886546	0.9642295	1.0	0.989848	0.9209584	0.8999954	0.99392223	0.96372855	0.9274003	0.97390956	0.9663002	0.94543624	0.92145425	0.9156074	0.99452925	0.9407536	0.9235109	1.0	0.98915106
altijd/adv	1.0	0.99049175	0.9482548	0.9786959	0.9255626	0.9626766	0.9489111	0.9120836	0.99609905	0.81625926	0.908455	0.0	0.9860181	0.90470463	0.9834398	0.96885264	0.94410384	0.9859313	0.9801627	0.96389145	0.93777806	1.0	0.9797864	0.98295873	0.99463904	0.86487865	0.97973436	0.928131	0.9642023	0.9602306	0.947763	0.9946357	0.8485662	0.93084323	0.96018904	0.9614059	0.9523388	0.984779	0.9600345	0.932825	0.80716383	0.8885367	0.9610121	0.9609831	0.94458956	0.9949915	0.9175177	0.9741598	0.93747234	0.9385367	0.9490378	0.9806678	0.9391677	0.9739717	0.9914856	0.8425594	0.84377706	0.9999898	0.96297675	0.982762	0.94108415	0.90652794	0.9477016	0.9743879	0.9332308	0.93469983	0.9372011	0.9551385	0.88286865	0.9701273	0.93194926	0.9892186	0.99081784	0.9646006	0.9075479	0.9248192	0.9276703	0.9952775	1.0	0.97113913	0.9077344	0.97620165	0.9485999	0.9513917	0.9574398	0.9897638	0.99562776	0.9665186	0.9467325	0.9825958	1.0	0.9984549	0.9568465	0.9168971	0.9913434	0.97366405	0.9234508	0.98597735	0.9716091	0.923601	0.95283127	0.948369	0.99943095	0.92722225	0.88359976	1.0	0.8697157
arbeid_vergunning/noun	0.9831085	0.9739058	0.97688615	0.975994	0.97022945	0.99735945	0.99716514	0.9713605	0.9479315	0.9864637	0.9652818	0.9860181	0.0	0.98271865	0.99960095	0.9705616	0.96446866	0.97802955	0.9791371	0.99144167	0.98518056	1.0	0.9731407	0.9938284	0.9787934	0.9858845	0.9854826	0.94525945	0.9907856	0.97614914	0.9996348	0.9958712	0.9697457	0.9909883	0.98236203	0.98877066	0.979757	0.9738347	0.98221225	0.9677444	0.9827909	0.9793552	0.9640031	0.94625616	0.9865701	0.96943045	0.9809872	0.9924564	0.97235054	0.985503	0.9789547	0.9656714	1.0	0.9559244	0.9989389	0.99610084	0.9571832	0.9927295	0.98328495	0.97409123	0.97129744	0.9761453	0.96207726	0.9711795	0.9958601	0.9981294	0.9656774	0.9780015	0.97401375	0.9675405	0.9649716	0.9871359	0.9905513	0.9535327	0.9766732	0.99405026	0.9702751	0.92771035	0.99257725	0.99287313	0.99105746	0.9680959	0.9937161	0.9708906	0.97114825	0.99059576	0.9991755	1.0	0.97702813	0.99860173	1.0	0.9763329	0.9695477	0.9919125	0.98286444	0.98250276	0.98693824	0.9321088	0.99062145	0.9852322	0.94967204	0.9811586	0.9296735	0.9468157	0.9908048	1.0	1.0
argument/noun	0.97520405	0.97132295	0.9718479	0.97956336	0.89436007	0.949112	0.84456503	0.87049204	0.9924532	0.9386926	0.9029677	0.90470463	0.98271865	0.0	0.9922237	0.9402149	0.82718474	1.0	0.980724	0.9317461	0.9693269	1.0	0.9941447	0.98287314	0.96445686	0.9692461	0.9756752	0.94204146	0.94624364	0.97475874	0.97705793	0.99866194	0.88045883	0.93469983	0.93398666	0.97915065	0.93647397	0.95160675	0.98166984	0.9354411	0.9308541	0.9545799	0.979728	0.88364184	0.9562807	0.9798778	0.93933225	0.99683005	0.9786181	0.8824063	0.96780777	0.9332875	0.96692926	0.95770246	0.96938044	0.9650819	0.9698763	0.9309646	0.9918409	0.9859966	0.9274279	0.931736	0.9732253	0.97918814	0.8971731	0.94594175	0.9401427	0.8976584	0.8740326	0.89665985	0.8718546	0.9904551	1.0	0.9536675	0.95114744	0.9351574	0.93579566	0.9963167	0.9983991	0.9609312	0.9298589	0.9883857	0.9551036	0.9078248	0.97478694	1.0	0.97897094	0.9187892	0.9365423	0.98468125	0.9921727	0.99146163	0.90450925	0.83397377	0.9926424	0.93630177	0.82978874	0.9913252	0.935421	0.8830706	0.9814237	0.9515264	0.9899976	0.89799446	0.9332589	1.0	0.977601
arrangement/noun	0.97294533	0.9684707	0.92445135	0.92893815	0.9670385	0.91939104	0.9832384	0.95526797	0.9544142	0.98707503	0.96141344	0.9834398	0.99960095	0.9922237	0.0	0.95031226	0.97749656	0.9421306	0.9458193	0.9490813	0.9286165	0.9991714	0.9634301	0.95114315	0.95541584	0.9838816	0.97666204	0.9727052	0.9574273	0.96520996	0.9728791	0.9944868	0.88845706	0.9833208	0.9395094	0.8571562	0.970794	0.99263245	0.8444898	0.9442908	0.9812888	0.96894807	0.9656338	0.97209877	0.92237294	0.9759734	0.9523063	0.991545	0.89538366	0.9912793	0.9225229	0.96958476	0.9145866	0.97543645	0.9702087	0.9989244	0.9804908	0.95272577	0.96322894	0.9715592	0.96263796	0.9716164	0.9655281	0.9600644	0.9714363	0.9842479	0.9746753	0.9885333	0.99334484	0.9386178	0.98183894	0.9736585	0.9113512	0.9527529	0.87924546	0.9612628	0.89309216	0.95886075	0.98009986	0.9802594	0.92908955	0.9069945	0.9586025	0.9584359	0.98317856	0.9860409	0.98116755	0.9786782	0.9284433	0.97220427	0.9797211	0.9699455	0.94092846	0.958827	0.9974105	0.95796436	0.97068053	0.98657435	0.9570497	0.96988773	0.9279823	0.90990067	0.9755789	0.9769187	0.96130514	0.99970555	0.9735093
bekentenis/noun	0.94280285	0.9866143	0.9677676	0.98757416	0.9503808	0.94368905	0.9698179	0.9426168	0.9112885	0.9547683	0.95362264	0.96885264	0.9705616	0.9402149	0.95031226	0.0	0.96426135	0.98620975	0.94635755	0.95900214	0.9883372	0.995188	0.95875126	0.96404105	0.9416517	0.9956765	0.9516544	0.98908323	0.9194328	0.96488184	0.96774715	1.0	0.88329154	0.961725	0.9703726	0.9715556	0.9494225	0.9958031	0.9717399	0.9533156	0.97478724	0.9464356	0.9654105	0.9720336	0.95848703	0.9858399	0.9249062	0.99050945	0.97507054	0.9375103	0.9575157	0.9665907	0.984973	0.9414932	0.99781907	0.9853656	0.98379004	0.98776656	0.960465	0.9779552	0.9541514	0.9454797	0.8906069	0.94225067	0.9365917	0.9471265	0.8653351	0.95728475	0.9528427	0.9660751	0.97626567	0.9998465	0.98963314	0.9041809	0.9633964	0.90915525	0.96115565	0.9814509	0.96184796	0.98887223	0.94629264	0.97119296	0.9739209	0.9563448	0.9712506	0.9963715	0.9744904	0.9782561	0.962186	0.9994618	0.9601598	0.97296274	0.97789705	0.886603	0.98170525	0.96647847	0.9388208	0.9567899	0.90598106	0.9800796	0.90873325	0.9607634	0.9931329	0.958876	0.9410988	0.9691696	0.9948533
besluit/noun	0.9571467	0.94786173	0.9179823	0.9706419	0.84160626	0.91823596	0.828963	0.8873528	0.9746209	0.9251715	0.9053327	0.94410384	0.96446866	0.82718474	0.97749656	0.96426135	0.0	0.9775122	0.9587569	0.9284911	0.9335508	1.0	0.96895987	0.93544453	0.9545354	0.9516601	0.9398383	0.89663893	0.90290076	0.93829066	0.95999414	0.9916273	0.8616958	0.9479471	0.92380387	0.9237697	0.8939857	0.93301225	0.93038875	0.9059964	0.9456223	0.9153634	0.94274336	0.8412093	0.9007721	0.9729603	0.9076091	0.9897897	0.90447426	0.87788785	0.90210617	0.85035497	0.9251954	0.94281864	0.9932936	0.94308263	0.9135476	0.95779043	0.95406103	0.93889695	0.8649367	0.9023983	0.95314604	0.9238789	0.85826325	0.92118245	0.87635386	0.8971758	0.845727	0.8418703	0.9028052	0.99669653	0.97376114	0.9480663	0.8948109	0.9067969	0.90174454	0.97183824	0.98234975	0.9149307	0.88826954	0.9390722	0.89941514	0.81545985	0.9515302	0.9941243	0.9713872	0.91085786	0.9517709	0.98773813	0.9575231	0.9617173	0.8661357	0.80466914	0.97424597	0.87082434	0.81679374	0.9325867	0.87949204	0.8563968	0.93028814	0.9069619	0.9822046	0.8846173	0.9085139	0.9898534	0.9547577
betaal_middel/noun	0.9854098	0.93359596	0.9574073	0.9815764	0.939466	0.99018705	0.9958422	0.9708934	0.99583316	0.99676496	0.97692776	0.9859313	0.97802955	1.0	0.9421306	0.98620975	0.9775122	0.0	0.91525507	0.9863242	0.97965205	1.0	0.9405501	0.95954335	0.9802755	0.9853561	0.96605915	0.9843777	0.949947	0.954271	0.98784125	0.977975	0.9342369	0.99760413	0.9533544	0.9597747	0.994933	0.9131683	0.971411	0.97749406	0.99919826	0.9351361	0.9711692	0.98358494	0.97483224	0.8379824	0.95936763	0.9280343	0.9381618	0.9914513	0.9773263	0.952172	0.9857395	0.97374904	0.957125	1.0	0.9558855	0.98195237	0.958515	0.9929531	0.94362813	0.9717827	0.9278903	0.95551366	0.9859059	0.971867	0.9776018	0.985818	0.99921525	0.9574789	0.97920746	0.9527177	0.95417404	0.9625522	0.96511644	0.9331087	0.9681022	0.97961414	0.8640747	0.9578629	0.9745766	0.9739284	0.9596793	0.9672955	0.97642976	0.9360753	0.9628364	0.99037045	0.9590313	0.9899799	0.9846165	0.9754222	0.9651581	0.9885474	0.9381962	0.98356706	0.9656658	0.97699684	0.954033	0.99017704	0.97624904	0.9575818	0.9291941	0.93728226	0.9929701	1.0	0.9823692
biljet/noun	0.9920757	0.94091517	0.9280293	0.8304389	0.95835006	0.9247482	0.9698777	0.9560718	0.9953661	0.98049283	0.99360144	0.9801627	0.9791371	0.980724	0.9458193	0.94635755	0.9587569	0.91525507	0.0	0.8694729	0.8757379	0.91075	0.9400133	0.973903	0.9691899	0.9886646	0.9476584	0.87003267	0.9295023	0.9416324	0.98143053	0.95228857	0.9321297	0.98265004	0.8615456	0.73181987	0.98581624	0.95007175	0.715675	0.8728281	0.9553945	0.9663364	0.95529747	0.9674829	0.8132424	0.9521694	0.9458879	0.9264031	0.7316053	0.97371	0.8595347	0.9569526	0.8931511	0.9380838	0.8729782	0.9812391	0.88933635	0.9616231	0.9140416	0.97038895	0.9527076	0.92954963	0.91119874	0.9437739	0.9672773	0.98472464	0.96766454	0.97538793	0.986135	0.9634097	0.9847762	0.8968971	0.9036653	0.9257976	0.76281834	0.98746336	0.8479353	0.84418535	0.9334015	0.8556827	0.8388548	0.7814706	0.9211348	0.96625394	0.98372453	0.93150467	0.9854675	0.96799445	0.950561	0.99262595	0.9415616	0.9275007	0.9276672	0.9856065	0.93108654	0.9054321	0.9534732	0.9059361	0.9623987	0.9814193	0.86027443	0.78683877	0.9137207	0.9497565	0.99296856	0.99005014	0.9893312
bod/noun	0.9787844	0.92362475	0.9082854	0.85517836	0.8301458	0.9283217	0.9224868	0.8790539	0.9949136	0.96002084	0.93634576	0.96389145	0.99144167	0.9317461	0.9490813	0.95900214	0.9284911	0.9863242	0.8694729	0.0	0.89130765	0.98929214	0.95495576	0.96912026	0.93393916	0.9688749	0.95918524	0.77137	0.89812034	0.9173755	0.9613362	0.9781558	0.84783554	0.9469821	0.8620115	0.579111	0.962675	0.98818856	0.62842524	0.8633745	0.90085936	0.9272124	0.9076483	0.89821786	0.8649643	0.96917236	0.9534174	0.9711673	0.6789203	0.8891564	0.85235834	0.9652691	0.83905876	0.8755136	0.9742366	0.9780503	0.8664528	0.84074855	0.9345503	0.9791001	0.8427764	0.9089109	0.9640673	0.9466054	0.88479036	0.94816625	0.9435232	0.89997643	0.90353644	0.96527785	0.94385445	0.9754411	0.93706495	0.9420436	0.6716275	0.93933195	0.76919293	0.9044933	0.9348168	0.79026926	0.80714893	0.8212414	0.9418458	0.9022954	0.94053555	0.95720905	0.9793035	0.8926954	0.8804049	0.9797392	0.9883892	0.9739986	0.87773436	0.91078	0.98086953	0.8343406	0.93223995	0.9599136	0.9368716	0.8337408	0.86696154	0.71735156	0.9787095	0.9688511	0.929273	0.99139476	0.9908221
bon/noun	0.9797091	0.95301443	0.9437601	0.9050047	0.9487463	0.90670455	0.967609	0.9381103	0.9942728	0.96775043	0.93478054	0.93777806	0.98518056	0.9693269	0.9286165	0.9883372	0.9335508	0.97965205	0.8757379	0.89130765	0.0	0.9859629	0.9666736	0.9353476	0.978583	0.96210825	0.93711084	0.928084	0.95356536	0.90910584	0.97714317	0.9731263	0.9411219	0.9605336	0.8675296	0.7857796	0.96909904	0.96662307	0.77095526	0.8867007	0.9400719	0.96630245	0.9391393	0.9546426	0.83881295	0.9696923	0.953881	0.9910073	0.81766045	0.93511873	0.85738	0.9768914	0.899254	0.9477566	0.96411973	0.95242774	0.9111233	0.9773077	0.91813356	0.9415278	0.94395876	0.9142842	0.9351372	0.9633482	0.96561265	0.9655324	0.96185863	0.97657937	0.9648173	0.95156735	0.96523744	0.9659692	0.9307996	0.8995905	0.80909723	0.9659385	0.8723161	0.8894118	0.90684676	0.909606	0.8855674	0.8560094	0.984516	0.94341105	0.9548737	0.9736845	0.95584756	0.95079195	0.9175034	0.99355924	0.97332776	0.9651708	0.92047226	0.96773607	0.9849778	0.945872	0.97369117	0.96106094	0.9487964	0.9845872	0.857363	0.8285326	0.9752221	0.9578979	0.9796351	0.9787869	0.9669348
boord_document/noun	0.99393517	0.9940449	0.97350717	0.98816115	0.994224	0.94550157	0.9913788	0.9672589	0.9823102	1.0	0.9876795	1.0	1.0	1.0	0.9991714	0.995188	1.0	1.0	0.91075	0.98929214	0.9859629	0.0	0.99315375	1.0	0.99630183	0.9988553	0.99906904	0.98480916	0.92230624	0.97273004	0.9912437	1.0	0.9701371	0.99821883	0.9786465	0.96146053	0.999507	0.98369646	0.94541657	0.93656313	1.0	0.99476385	0.99546933	1.0	0.97382724	0.99078166	0.9854062	1.0	0.9720155	1.0	0.9752804	0.9984261	0.9868136	0.97195077	0.9863426	1.0	0.9942491	0.99371254	0.9881785	0.9842699	0.99119246	0.99477756	0.98334694	0.9961402	0.9867082	0.97081614	0.9615847	0.9873289	0.98315877	0.9976215	1.0	0.9829277	0.98107016	0.92479116	0.96771604	0.9920769	0.9763065	0.97782564	0.9683876	0.98934174	0.95028996	0.9557039	0.9732728	0.9883553	0.9897329	1.0	0.99403334	1.0	0.9890426	0.9889427	1.0	0.9939818	0.9834387	0.99808145	0.98130816	0.9679765	0.99600244	1.0	0.99195856	0.9943828	0.86199355	0.9680964	0.9918068	1.0	0.9754424	0.98336124	1.0
bouw_aanvraag/noun	0.9835939	0.93542534	0.95419866	0.8824918	0.94184273	0.9425991	0.9459863	0.9543429	0.9775354	0.9963172	0.9878385	0.9797864	0.9731407	0.9941447	0.9634301	0.95875126	0.96895987	0.9405501	0.9400133	0.95495576	0.9666736	0.99315375	0.0	0.969778	0.9450246	0.9986942	0.9824295	0.983184	0.9618803	0.9563595	0.98340607	0.9740851	0.92571056	0.98452836	0.9182259	0.92559713	0.96534145	0.9615547	0.9256446	0.94896096	0.9791466	0.98515886	0.9758356	0.984991	0.9455754	0.93330586	0.9430252	0.96615064	0.9311488	0.95750546	0.9481425	0.95922923	0.9577591	0.9615058	0.9852777	0.9985066	0.95573163	0.9842885	0.93551826	0.9828377	0.9119443	0.9696744	0.9697456	0.97698987	0.9640339	0.9738733	0.9424029	0.97107995	0.98617953	0.9527379	0.9583692	0.9884385	0.9564934	0.96218085	0.9260953	0.9901576	0.9450477	0.9774651	0.95107317	0.929682	0.9300076	0.93572444	0.9289637	0.9705757	0.9816364	0.98595524	0.98152304	0.991287	0.9748608	0.9880858	0.99775505	0.98092264	0.9344542	0.97920614	0.97351164	0.95442104	0.98863465	0.96691984	0.95315725	0.9623064	0.9456548	0.93118477	0.95892817	0.97441226	0.9799996	0.9807383	1.0
conventie/noun	0.9946291	0.96803147	0.97421575	0.9677229	0.9290777	0.95167935	0.9710015	0.96145475	0.95700634	0.98062235	0.9652626	0.98295873	0.9938284	0.98287314	0.95114315	0.96404105	0.93544453	0.95954335	0.973903	0.96912026	0.9353476	1.0	0.969778	0.0	0.9588525	0.9858577	0.9559014	0.98114824	0.9132682	0.9711836	0.97806126	0.977185	0.9276203	0.9658768	0.9070545	0.93185425	0.9542652	0.97522527	0.93216157	0.96695596	0.9640718	0.95877814	0.9567582	0.9487875	0.9502552	0.99423355	0.9046398	0.98196536	0.9208603	0.9546045	0.9515204	0.92384833	0.96852016	0.9620928	0.9797301	0.9988653	0.98530084	0.97163624	0.98375034	0.9306862	0.9579025	0.9771571	0.96731204	0.92902374	0.94711584	0.9504023	0.9502494	0.9157874	0.9589331	0.89839315	0.9448023	0.98719627	0.98324597	0.9579973	0.9308904	0.9545881	0.91234213	0.946931	0.975436	0.95365053	0.92009276	0.968973	0.96324277	0.9312429	0.97124445	0.98411894	0.96286035	0.9925738	0.9239037	0.96177596	0.9968418	0.9623686	0.9377967	0.9293288	0.98282975	0.970775	0.9501629	0.94745433	0.94145775	0.98011416	0.9559611	0.9064755	0.982492	0.8956255	0.9708732	0.9865196	0.98743385
dagvaarding/noun	0.97558	0.96375716	0.9636049	0.9542036	0.94755787	0.94574106	0.98446023	0.94964397	0.93756187	0.9757353	0.9745652	0.99463904	0.9787934	0.96445686	0.95541584	0.9416517	0.9545354	0.9802755	0.9691899	0.93393916	0.978583	0.99630183	0.9450246	0.9588525	0.0	0.9837484	0.97028047	0.9639743	0.93495965	0.9393019	0.98644215	0.98624843	0.9413238	0.9804553	0.9408909	0.9384277	0.9649454	0.9898231	0.93689114	0.9789122	0.97670084	0.9782549	0.96222985	0.9445325	0.94995123	0.9842351	0.9826578	0.9593602	0.92925036	0.9395343	0.94552433	0.9208456	0.97080016	0.95281935	0.9701553	0.99413836	0.98604333	0.9459011	0.9888204	0.911602	0.9651628	0.98966855	0.9684769	0.9799476	0.96436507	0.966497	0.93897057	0.98962116	0.9923461	0.9506002	0.98480964	0.989136	0.9679381	0.93166566	0.94609624	0.98561835	0.94445235	0.9810818	0.9385673	0.9681357	0.95023304	0.9502717	0.9498281	0.9571071	0.9826658	0.98940045	0.9808556	0.98199075	0.9668928	0.9756525	0.965118	0.97924924	0.93913424	0.9616062	0.9923219	0.9647556	0.95323116	0.9766515	0.8976697	0.9526381	0.9604741	0.94776136	0.98040456	0.9732694	0.9976355	0.99700725	0.9950089
die/det	0.9930462	0.9677033	0.95916474	0.9708667	0.93046784	0.9822072	0.8922309	0.93727124	0.9946897	0.90387076	0.94536555	0.86487865	0.9858845	0.9692461	0.9838816	0.9956765	0.9516601	0.9853561	0.9886646	0.9688749	0.96210825	0.9988553	0.9986942	0.9858577	0.9837484	0.0	0.98266745	0.9248893	0.9581385	0.97738314	0.99045587	0.999556	0.8710895	0.91750014	0.96491575	0.9624171	0.9638213	0.9608904	0.95771205	0.9403281	0.8831737	0.93044466	0.95792925	0.9525064	0.967121	0.981373	0.9481104	0.9819137	0.9451597	0.94600356	0.9577065	0.94875056	0.92739916	0.9833018	0.9927058	0.8595066	0.8923702	0.9887327	0.9622756	0.985051	0.9336126	0.9234855	0.9597023	0.9842555	0.9259229	0.8899739	0.976984	0.95423335	0.90882385	0.9602532	0.9299613	0.99844927	0.99732983	0.9889403	0.93466663	0.9523157	0.93416405	0.9966984	1.0	0.96917874	0.93628925	0.97075355	0.93731534	0.94873416	0.9610929	0.980747	0.9901728	0.999673	0.97180194	0.98234904	1.0	0.9514266	0.9004508	0.94835293	1.0	0.98912644	0.92781514	0.96463704	0.97218543	0.9238238	0.96071887	0.95991766	0.9564274	0.91082895	0.9187797	1.0	0.8983468
diploma/noun	0.9918387	0.9473776	0.96341693	0.9480301	0.94536245	0.942785	0.96214426	0.9047746	0.9894401	0.9530956	0.9749186	0.97973436	0.9854826	0.9756752	0.97666204	0.9516544	0.9398383	0.96605915	0.9476584	0.95918524	0.93711084	0.99906904	0.9824295	0.9559014	0.97028047	0.98266745	0.0	0.9525899	0.9147634	0.93010837	0.96709085	0.9705433	0.8726349	0.9416683	0.919465	0.9304788	0.97417825	0.99409455	0.9213205	0.9183144	0.95968574	0.9515321	0.94733125	0.9394479	0.9320178	0.9550213	0.9220465	0.97990173	0.9032499	0.95845985	0.9212095	0.9665972	0.942859	0.9102204	0.981221	0.99694127	0.9648806	0.9960148	0.9726206	0.95632577	0.94269055	0.9403304	0.9028669	0.96555823	0.94650763	0.9517529	0.93844616	0.95231175	0.9560618	0.93111706	0.97524834	0.9878778	0.97366667	0.90354866	0.9216929	0.9360379	0.9167997	0.93761706	0.9277257	0.9692842	0.9341098	0.9352494	0.92809767	0.93043774	0.95039344	0.9929258	0.9609758	0.99450076	0.9447519	0.98749316	0.9966347	0.9711646	0.95825124	0.95779085	0.9759085	0.96417594	0.9536601	0.9537144	0.95747316	0.9707866	0.91900873	0.9233625	0.9665762	0.9403	0.95611316	0.9527378	0.97357625
dit/det	0.98273504	0.93564343	0.8997666	0.86008817	0.8974873	0.9321824	0.8792415	0.8873225	0.9975887	0.9293822	0.9468298	0.928131	0.94525945	0.94204146	0.9727052	0.98908323	0.89663893	0.9843777	0.87003267	0.77137	0.928084	0.98480916	0.983184	0.98114824	0.9639743	0.9248893	0.9525899	0.0	0.9228889	0.9135007	0.9514332	0.98859894	0.90938044	0.94632983	0.87078744	0.59888583	0.9336499	0.99646664	0.61403334	0.75467855	0.8816747	0.9093118	0.9114137	0.94613814	0.8055894	0.9686392	0.90933514	0.9727562	0.5213613	0.92479396	0.831687	0.9526486	0.8315567	0.94086695	0.9744913	0.90562034	0.7428946	0.96083695	0.97037464	0.9763282	0.9040221	0.8618902	0.95858	0.9262696	0.9193322	0.92037714	0.9353529	0.91182756	0.88228595	0.95193595	0.8733121	0.9713735	0.9829008	0.9571039	0.587113	0.93697894	0.75750333	0.9117263	0.9804813	0.8066416	0.7717421	0.81846404	0.9249636	0.9149609	0.9012852	0.9304254	0.99401754	0.91683364	0.85957384	0.96638304	0.9790601	0.95800596	0.88860744	0.89984435	0.95320475	0.9087497	0.91203177	0.9532552	0.9704043	0.90880775	0.81328857	0.7038733	0.94040513	0.9257501	0.8923938	0.9926426	0.91868985
document/noun	0.97052556	0.9548521	0.9397466	0.8857448	0.8999331	0.90886396	0.92438537	0.88892466	0.9789111	0.936731	0.9592483	0.9642023	0.9907856	0.94624364	0.9574273	0.9194328	0.90290076	0.949947	0.9295023	0.89812034	0.95356536	0.92230624	0.9618803	0.9132682	0.93495965	0.9581385	0.9147634	0.9228889	0.0	0.94355506	0.96335775	0.9763448	0.8747835	0.92354333	0.88146716	0.8579283	0.9246461	0.99264866	0.8412717	0.9103009	0.9365967	0.9150355	0.95245427	0.9112265	0.8581928	0.98402363	0.90199375	0.98181677	0.8496617	0.92384094	0.89383656	0.9088253	0.9237198	0.939959	0.964272	0.9692413	0.9483931	0.95424455	0.97371984	0.94080925	0.9156204	0.8990262	0.9156949	0.9298035	0.9027945	0.932076	0.9133262	0.9227369	0.9181236	0.9508079	0.9198585	0.9944594	0.96723175	0.9140812	0.85228205	0.932202	0.8672285	0.92791486	0.98646706	0.9594412	0.87392384	0.86858493	0.9002791	0.83105785	0.958469	0.98753077	0.9550092	0.9359884	0.94060844	0.98198926	0.94824386	0.9438408	0.90743214	0.86079055	0.98759407	0.9415152	0.8863211	0.8997836	0.93304414	0.9426722	0.8883257	0.8197926	0.94177693	0.8979009	0.90607256	0.96430004	0.9736299
doelpunt/noun	0.9749516	0.969346	0.8744341	0.92314625	0.90845466	0.91216433	0.9613951	0.89194065	0.97225624	0.93448734	0.9078769	0.9602306	0.97614914	0.97475874	0.96520996	0.96488184	0.93829066	0.954271	0.9416324	0.9173755	0.90910584	0.97273004	0.9563595	0.9711836	0.9393019	0.97738314	0.93010837	0.9135007	0.94355506	0.0	0.95047003	0.81149954	0.7876971	0.9168883	0.90157914	0.8587975	0.9168238	0.9835415	0.8569345	0.8828747	0.9427303	0.9049858	0.41477185	0.96821404	0.90545535	0.94351435	0.9359665	0.9845926	0.8158975	0.9607691	0.5789597	0.9340392	0.9064013	0.938247	0.97607267	0.9475426	0.863953	0.9659889	0.96259797	0.9574249	0.89105594	0.92141306	0.9484272	0.95955384	0.774201	0.90720147	0.9294504	0.9673468	0.92393214	0.959404	0.96167094	0.95000654	0.9086066	0.9007375	0.7922454	0.9166856	0.82223254	0.94328403	0.9653253	0.94468796	0.8748505	0.87210584	0.95557076	0.94938445	0.41339952	0.9529325	0.970271	0.9495488	0.7257868	0.97394747	0.9600365	0.96202064	0.9594408	0.94563556	0.9648478	0.96678805	0.96471393	0.96564645	0.89571077	0.94862664	0.90702	0.9144154	0.94783103	0.96488214	0.8814837	0.9846671	0.9941838
door/adj	0.99398506	0.98849344	0.9572549	0.9788152	0.97080666	0.95739365	0.9649651	0.95605415	0.98749626	0.9637054	0.90988433	0.947763	0.9996348	0.97705793	0.9728791	0.96774715	0.95999414	0.98784125	0.98143053	0.9613362	0.97714317	0.9912437	0.98340607	0.97806126	0.98644215	0.99045587	0.96709085	0.9514332	0.96335775	0.95047003	0.0	0.99143785	0.9067128	0.9642642	0.9467168	0.9395001	0.9491052	0.99628633	0.9399472	0.9690466	0.95945215	0.95613104	0.9489644	0.96425533	0.9610227	0.98845917	0.96332777	0.98650795	0.94604045	0.97344726	0.9522979	0.9720816	0.9642693	0.97854704	0.9936122	0.9419631	0.98698926	0.9869406	0.9796978	0.96322	0.955497	0.96798587	0.9722865	0.9669028	0.9577183	0.943047	0.9640648	0.95979804	0.9637087	0.9707726	0.97415966	0.99682117	0.98574966	0.9599012	0.9424611	0.96012676	0.9477965	0.9611702	0.9767184	0.96729606	0.92084086	0.961443	0.98007697	0.9757352	0.955851	0.98347306	0.9859208	0.9471328	0.9506788	0.9850052	0.9889261	0.9864233	0.9802397	0.9553699	0.9914867	0.9770953	0.9458672	0.97745883	0.97744715	0.9547508	0.9608475	0.93812835	0.9709845	0.97652835	0.94879264	0.9988326	0.9747568
eind_uitslag/noun	0.9869981	0.99498886	0.984905	0.9861482	0.9904565	0.9825989	0.99333566	0.97703636	0.9970808	0.9966945	0.9829936	0.9946357	0.9958712	0.99866194	0.9944868	1.0	0.9916273	0.977975	0.95228857	0.9781558	0.9731263	1.0	0.9740851	0.977185	0.98624843	0.999556	0.9705433	0.98859894	0.9763448	0.81149954	0.99143785	0.0	0.96105206	0.978759	0.9801372	0.9670067	0.9887092	0.98929036	0.96268094	0.98987913	0.98989344	0.9830662	0.82059175	0.9968443	0.97376394	0.98847884	0.98755485	0.99922526	0.95161986	0.992899	0.8873636	0.98305273	0.97555965	0.9919589	0.9841324	0.98367786	0.94439346	0.9941007	0.9943056	0.9950153	0.9903429	0.9588498	0.9876117	0.98717	0.97447836	0.9897807	0.98016465	1.0	1.0	0.9833421	0.9972631	0.97745776	0.973142	0.9750697	0.9415226	0.9575833	0.9541564	0.95222354	1.0	0.9759858	0.97541106	0.9676552	0.99776906	0.98193264	0.7787005	0.98925143	0.98988587	0.96993196	0.8096996	0.9949978	0.9858704	0.99607545	0.9859953	0.9878861	0.99968123	0.9907672	0.98820496	0.97405666	0.9734287	0.9991435	0.9832968	0.9812583	0.96425164	0.9966317	0.9498247	1.0	1.0
en/vg	0.96392876	0.9169894	0.8541651	0.92183864	0.80263585	0.9035777	0.8446481	0.7860522	0.92153364	0.793103	0.85628766	0.8485662	0.9697457	0.88045883	0.88845706	0.88329154	0.8616958	0.9342369	0.9321297	0.84783554	0.9411219	0.9701371	0.92571056	0.9276203	0.9413238	0.8710895	0.8726349	0.90938044	0.8747835	0.7876971	0.9067128	0.96105206	0.0	0.85125995	0.88628244	0.878285	0.8777522	0.9730029	0.87958574	0.8302233	0.8227492	0.8539268	0.81861204	0.864624	0.8602601	0.9508297	0.77053785	0.9677737	0.7887331	0.8628723	0.80603594	0.8964864	0.8580478	0.9189031	0.9618358	0.93733895	0.89745843	0.930066	0.9389083	0.92002636	0.79407346	0.84512985	0.892397	0.8904774	0.7880515	0.85740024	0.8919592	0.8970607	0.80769706	0.90307117	0.8787752	0.96903944	0.95500183	0.9225672	0.84439814	0.8251555	0.8342569	0.9608885	0.9623975	0.90739274	0.7995584	0.8601978	0.90221775	0.82635176	0.8085769	0.9686709	0.93158454	0.8970867	0.87769043	0.9135158	0.9755974	0.93706906	0.9008413	0.84074277	0.97653186	0.8854505	0.8602288	0.8940222	0.884834	0.84610665	0.8621482	0.8259208	0.92695475	0.8517228	0.8316885	0.9731313	0.90332043
enkel/adj	0.9699997	0.97514987	0.95157534	0.9722699	0.9022827	0.9367129	0.94186723	0.8873028	0.99543124	0.89202183	0.95098937	0.93084323	0.9909883	0.93469983	0.9833208	0.961725	0.9479471	0.99760413	0.98265004	0.9469821	0.9605336	0.99821883	0.98452836	0.9658768	0.9804553	0.91750014	0.9416683	0.94632983	0.92354333	0.9168883	0.9642642	0.978759	0.85125995	0.0	0.9555997	0.94346774	0.9272291	0.9739819	0.94293624	0.9469974	0.8931555	0.92444855	0.9136567	0.92189825	0.9475575	0.9682865	0.9408727	0.9993644	0.9535532	0.9252767	0.9174985	0.9034325	0.9490164	0.9627207	0.9878034	0.9138366	0.9442611	0.9898947	0.9719088	0.9566435	0.92407095	0.9534734	0.9750329	0.950638	0.90261173	0.9155768	0.9207541	0.9788868	0.92527425	0.9703315	0.96937436	0.99497724	0.9925382	0.94243073	0.9210548	0.94605243	0.9075953	0.9772892	0.9891808	0.95197433	0.90467334	0.93551236	0.95054704	0.94106567	0.93437827	0.9819028	0.9766393	0.9836957	0.91229576	0.9498913	1.0	0.97118604	0.9184698	0.92363054	0.99466026	0.9516895	0.93226016	0.96962094	0.9299914	0.9464794	0.92721003	0.93596655	0.9930728	0.9105899	0.9191192	0.9979797	0.95458883
enquête/noun	0.96744895	0.93038374	0.8886099	0.815874	0.89042467	0.88850695	0.92122495	0.89070046	0.97578496	0.92590356	0.9094334	0.96018904	0.98236203	0.93398666	0.9395094	0.9703726	0.92380387	0.9533544	0.8615456	0.8620115	0.8675296	0.9786465	0.9182259	0.9070545	0.9408909	0.96491575	0.919465	0.87078744	0.88146716	0.90157914	0.9467168	0.9801372	0.88628244	0.9555997	0.0	0.6891751	0.95182824	0.9739321	0.6614529	0.8100561	0.9492695	0.9040502	0.9399966	0.93327427	0.7082641	0.9673814	0.9331221	0.98116744	0.7320425	0.9155851	0.80545807	0.88861	0.8415362	0.9448369	0.90987533	0.96884155	0.8551262	0.9437707	0.95866835	0.9613116	0.9251818	0.9292235	0.9448115	0.95154166	0.915506	0.9232424	0.95191795	0.9442456	0.936088	0.8979949	0.9473123	0.96532047	0.91836876	0.9059617	0.6995417	0.9568771	0.75201064	0.9071562	0.9565834	0.88768655	0.7538024	0.781893	0.92465955	0.918533	0.95489395	0.96639735	0.9834764	0.93083364	0.8699367	0.9639808	0.94509494	0.9145834	0.88760024	0.93650544	0.94411963	0.9033223	0.9169314	0.9398282	0.9223356	0.93472815	0.8407997	0.73187995	0.9387906	0.9144276	0.9595025	0.9900985	0.9873352
