	tegenslag/noun	men/pron	verhouding/noun	zich/pron	speler/noun	spier_pijn/noun	soms/adv	wieler_sport/noun	behoorlijk/adj	provincie_raad_lid/noun	door/prep	golfplaat/noun	gewoon/adj	angst/noun	overigens/adv	Chris/name	Verhaegen/name	pijn/noun	zo/adv	dag/noun	ertegen/pp	nauwelijks/adv	Schneider/name	hitte/noun	hier/adv	zodat/comp	ik/pron	lucht/noun	twijfel/noun	snel/adj	stank/noun	daarom/pp	alleen/adv	blijkbaar/adj	als/comp	bovendien/adv	zonder/prep	Ronaldo/name	student/noun	verdriet/noun	wereld_DIM/noun	mentaal/adj	tijdens/prep	maar/adv	simpelweg/adv	's/adv	thuis/adv	eerst/adv	er/adv	wanneer/comp	weekend/noun	binnen/adv	zodra/comp	om/comp	andapos;s/adv	huid/noun	niet/adv	dan/adv	eenmaal/noun	tot/adv	evenwel/adv	voor/comp	nog/adv	werk/noun	Lelièvre/name	meestal/adv	me/pron	ze/pron	daar/adv	geur/noun	mij/pron	uzelf/pron	sinds/comp	even/adj	plots/adj	verschrikkelijk/adj	volgens/prep	toen/comp	kaas/noun	beetje/noun	tegen/prep	evengoed/adv	ondanks/prep	makkelijk/adj	bijna/adv	wel/adv	vaak/adj	zeeman/noun	haar/pron	karakter/noun	toch/adv	gips/noun	pupil/noun	net/adv	wat/pron	weer/adv	intussen/adv	anders/adj	Lance/name	Amsterdammer/noun	amper/adv	dat/det	kind/noun	we/pron	leven/noun	al/adv	bloem/noun	hem/pron	ziel/noun	week/noun	beton/noun	hen/pron	hij/pron	concurrentie/noun	eind/adv	zolang/comp
tegenslag/noun	0.0	0.8134092	0.8507124	0.85630566	0.76111853	0.80804884	0.7690091	0.81169426	0.76935804	0.9221009	0.78863496	0.92840487	0.847053	0.75093234	0.80225784	0.9180752	0.89541435	0.6967694	0.8389195	0.85169816	0.8706932	0.825701	0.8600624	0.7586464	0.84504914	0.80983245	0.7830996	0.9088951	0.7719152	0.8160174	0.830793	0.8270692	0.8289513	0.7790607	0.7917029	0.7162187	0.8251298	0.82093775	0.8996788	0.71218157	0.83109665	0.6609241	0.86623394	0.8462103	0.8120828	0.9500672	0.8549987	0.85680896	0.80412877	0.7949244	0.8524977	0.9127913	0.83489925	0.826699	0.9364952	0.8952446	0.8025524	0.8095496	0.8491763	0.78990865	0.7581991	0.86784387	0.78853244	0.8658373	0.9187246	0.81924856	0.8287902	0.79961556	0.8500557	0.88195044	0.81751657	0.8121473	0.8263386	0.822896	0.79450023	0.75322104	0.8839052	0.8081779	0.9114173	0.8122772	0.8398919	0.8280504	0.69862926	0.82273895	0.87955266	0.82717884	0.78579146	0.86065066	0.8455999	0.82485235	0.7506808	0.86896294	0.82580507	0.8069612	0.88107026	0.8161575	0.8014684	0.86716527	0.8269375	0.83479214	0.8667575	0.7860639	0.8504126	0.73153853	0.8143128	0.7885288	0.90643036	0.8236221	0.88283086	0.838632	0.87822366	0.8361467	0.8026898	0.7640513	0.9139844	0.8358638
men/pron	0.8134092	0.0	0.8263351	0.6861005	0.8152972	0.8685599	0.6824095	0.7783328	0.77963585	0.8832003	0.88317406	0.88772005	0.73541594	0.8039615	0.66961426	0.96216786	0.8874316	0.8050182	0.6762558	0.87304246	0.79312176	0.6880151	0.86893386	0.8555887	0.68438995	0.7143903	0.48156834	0.872831	0.81837165	0.75446993	0.80763686	0.5725529	0.7262162	0.60806096	0.6497517	0.6624967	0.8303567	0.88801306	0.81834304	0.8280518	0.7682247	0.8596017	0.9326552	0.66117954	0.704427	0.86869806	0.8124796	0.6686566	0.6539986	0.6551218	0.87600803	0.84164524	0.7679399	0.6612347	0.845139	0.87099576	0.52835083	0.5960281	0.78570986	0.79185057	0.63582635	0.75289685	0.6700474	0.8300588	0.84186995	0.72314894	0.64333135	0.4212575	0.72152543	0.8181412	0.63230014	0.7108259	0.8976657	0.69722235	0.78388053	0.7839327	0.88399893	0.86084986	0.84743917	0.72159684	0.9090724	0.744678	0.88251925	0.71651804	0.8895151	0.5853207	0.66435564	0.8259299	0.6997218	0.8252849	0.5990077	0.8689848	0.81359196	0.8589845	0.61710155	0.78354216	0.72689193	0.67127585	0.8667275	0.80003047	0.86917245	0.6257678	0.8121382	0.39634627	0.8193553	0.7433362	0.88469857	0.6641879	0.84811866	0.8918211	0.8298499	0.6727216	0.52041614	0.7987803	0.8733923	0.73278356
verhouding/noun	0.8507124	0.8263351	0.0	0.834062	0.88557506	0.92809975	0.7967237	0.84160745	0.7637462	0.9299206	0.78556174	0.939187	0.8889746	0.8028937	0.7781042	0.96997917	0.9373795	0.91638136	0.8251101	0.94236135	0.8332828	0.7899195	0.88505554	0.8762715	0.8854356	0.7864527	0.9201286	0.9007965	0.8284359	0.8569567	0.9010333	0.7963679	0.79845136	0.84813964	0.8472591	0.6894897	0.8179749	0.91351646	0.8512893	0.8653311	0.82359093	0.8316484	0.9216902	0.8847564	0.77282846	0.9582332	0.93423223	0.88369715	0.86499226	0.78376687	0.9622859	0.955973	0.83045363	0.8090639	0.95498794	0.8515643	0.8597157	0.90367115	0.89641184	0.83202744	0.7947857	0.9149276	0.8933122	0.85231054	0.9280984	0.7989098	0.9155233	0.8895443	0.90017897	0.8611668	0.8934467	0.8445969	0.8052106	0.9065833	0.88697046	0.88008523	0.8307064	0.9071226	0.91342854	0.88683	0.8768776	0.7916579	0.7695955	0.88599867	0.8811577	0.8851134	0.7584574	0.8909847	0.8928734	0.6806072	0.8602842	0.9329708	0.8614283	0.8956765	0.8400465	0.9020807	0.85564977	0.8835881	0.9386862	0.8885472	0.92075217	0.8106665	0.86577713	0.8891548	0.7499064	0.90271294	0.91835225	0.9004918	0.8523692	0.9207975	0.8880387	0.8886581	0.8929327	0.76247436	0.94692594	0.7350801
zich/pron	0.85630566	0.6861005	0.834062	0.0	0.8742141	0.8888549	0.7836256	0.83156455	0.81830806	0.914606	0.7816299	0.9091722	0.838636	0.8098706	0.7363285	0.9514377	0.911015	0.8722575	0.80608207	0.9048292	0.78248644	0.75971526	0.8756271	0.8713521	0.8448943	0.7729074	0.77735466	0.8884399	0.8388534	0.8232074	0.860788	0.72560155	0.82157904	0.7811408	0.80225474	0.7556832	0.8773512	0.87193936	0.8505037	0.843313	0.81138134	0.84769875	0.90423775	0.8678093	0.8046375	0.92347056	0.87854147	0.81234133	0.8730852	0.778579	0.9133215	0.8849786	0.79438007	0.7638031	0.91174626	0.86855817	0.7646482	0.8185016	0.85579944	0.8034133	0.77520376	0.8689611	0.8499035	0.8358762	0.86522603	0.8013956	0.52179396	0.71018076	0.8273471	0.8759387	0.64212966	0.7673259	0.8645878	0.8247682	0.81384736	0.8332778	0.84164745	0.8513145	0.9199338	0.8567263	0.84732836	0.81641966	0.8790993	0.8079325	0.9176751	0.830918	0.7747215	0.8349867	0.74567306	0.8546777	0.82196784	0.9050129	0.8510163	0.87637836	0.7982602	0.8377506	0.7748295	0.86401004	0.89831966	0.8080279	0.90651906	0.84077275	0.8582595	0.79393363	0.84959626	0.8524171	0.8813238	0.71396244	0.86998576	0.8818186	0.88223296	0.70594966	0.688707	0.8615488	0.92311037	0.7877367
speler/noun	0.76111853	0.8152972	0.88557506	0.8742141	0.0	0.8678473	0.8417499	0.834024	0.77568835	0.8889342	0.84047663	0.94061387	0.8529247	0.8971111	0.8322898	0.8386222	0.8098742	0.86239976	0.8701271	0.80765855	0.90534353	0.82578844	0.8670469	0.87723404	0.8403312	0.7724271	0.77777714	0.93822694	0.8613673	0.8610822	0.91660786	0.80904734	0.8421203	0.7886054	0.8279264	0.73152244	0.82365364	0.62160325	0.79492515	0.9001373	0.8422671	0.7449062	0.8723156	0.83006823	0.8082316	0.9175141	0.77635807	0.8543465	0.8079761	0.838705	0.7912868	0.9148425	0.84479195	0.81063354	0.916254	0.9099979	0.8235466	0.8375504	0.8404865	0.8192085	0.7931535	0.8485521	0.759156	0.87345576	0.9193507	0.8298571	0.83116174	0.77616346	0.86062366	0.90048957	0.83304965	0.84505284	0.84106946	0.8575758	0.8468185	0.87116015	0.92208076	0.8344312	0.91558754	0.8631671	0.73356867	0.8530365	0.8016453	0.8505506	0.8709515	0.8354583	0.8257974	0.8472837	0.8485875	0.8426138	0.7929521	0.84190214	0.72384155	0.8278558	0.88563925	0.80432814	0.7777175	0.887719	0.8651341	0.70548236	0.75861645	0.86784387	0.8135408	0.7270437	0.88953966	0.7864534	0.90977407	0.79433674	0.8924193	0.7586592	0.9149922	0.7948765	0.75825423	0.8423188	0.8957994	0.84941643
spier_pijn/noun	0.80804884	0.8685599	0.92809975	0.8888549	0.8678473	0.0	0.76118493	0.8807816	0.83362997	0.93676096	0.8596561	0.9009661	0.87063825	0.8132942	0.84812737	0.93586147	0.9248688	0.6151211	0.85400975	0.8870126	0.8967191	0.8474013	0.91886085	0.75477767	0.85146964	0.8187921	0.7924357	0.8490726	0.875567	0.87838244	0.7769682	0.86237884	0.84183574	0.8424177	0.82287437	0.8168248	0.87334573	0.8620691	0.9221652	0.8461714	0.8822008	0.81725717	0.8965706	0.8713393	0.8774976	0.86161506	0.8669568	0.88096875	0.8421874	0.80544424	0.8943476	0.88717794	0.8624326	0.8958096	0.87331986	0.8335761	0.84995604	0.8205389	0.8993591	0.9004831	0.85608613	0.88677824	0.8086752	0.91707635	0.93641806	0.7913109	0.82089835	0.8054912	0.8620229	0.85828567	0.8393303	0.87154186	0.9162495	0.8644627	0.83567536	0.81450176	0.92808217	0.875082	0.91230065	0.8405416	0.9152829	0.88023806	0.8455236	0.8800361	0.9254869	0.84935653	0.79472905	0.9063621	0.84185964	0.9036538	0.81368566	0.8203337	0.8679949	0.9029766	0.87439644	0.8244602	0.9054421	0.90322965	0.9128173	0.88060284	0.88519436	0.8150306	0.8656225	0.8207802	0.9116428	0.87062174	0.89384675	0.8516886	0.9030589	0.8882896	0.8836355	0.87575436	0.8249029	0.8314674	0.9408078	0.8623642
soms/adv	0.7690091	0.6824095	0.7967237	0.7836256	0.8417499	0.76118493	0.0	0.81590474	0.58110803	0.95369864	0.7758574	0.85355073	0.60819495	0.6619324	0.70860493	0.9615172	0.91769403	0.63041407	0.5478666	0.812448	0.8168086	0.6833848	0.87002003	0.7086172	0.6352449	0.70925546	0.55777466	0.7630452	0.8282455	0.75964355	0.7328503	0.7210701	0.67304015	0.6323944	0.5439307	0.64794195	0.75229055	0.8560752	0.85839975	0.6492171	0.7157197	0.768147	0.8743154	0.6223484	0.7196584	0.7714029	0.78090966	0.76250553	0.70687795	0.54147696	0.88114643	0.7921143	0.70320964	0.7279516	0.7979586	0.71272206	0.6707649	0.55919945	0.7771322	0.82573783	0.7256035	0.76784223	0.72749496	0.81975764	0.8841264	0.45422745	0.6129875	0.5718056	0.68440104	0.69607866	0.61170304	0.72849476	0.88848436	0.596563	0.6286123	0.5390058	0.9127809	0.77147436	0.8245755	0.48680836	0.88087285	0.67573345	0.7278335	0.71129966	0.80759406	0.5589519	0.33802265	0.7933242	0.6784823	0.6955402	0.52305186	0.85810554	0.8191568	0.82401437	0.68312424	0.704609	0.8212593	0.6929104	0.88103014	0.8205912	0.82487786	0.6044332	0.7615079	0.699195	0.71407187	0.79404634	0.79444635	0.7159375	0.74711144	0.8972299	0.78922975	0.761835	0.6732889	0.81861895	0.9651774	0.7648039
wieler_sport/noun	0.81169426	0.7783328	0.84160745	0.83156455	0.834024	0.8807816	0.81590474	0.0	0.81577104	0.8935809	0.81404084	0.9188483	0.82850325	0.8349148	0.7944201	0.8955673	0.8616071	0.82262635	0.8142058	0.88600373	0.86976427	0.8112899	0.86750364	0.8637182	0.8128565	0.8141695	0.7824805	0.88465106	0.87701136	0.8537432	0.86883116	0.7770026	0.77701104	0.7861294	0.80022544	0.766983	0.83384645	0.8329261	0.8593215	0.82074076	0.73386925	0.8158401	0.88789594	0.8394554	0.8062738	0.92641443	0.9039758	0.8528261	0.8271454	0.7947327	0.8638098	0.8995559	0.831196	0.7878767	0.9179032	0.8698526	0.8111508	0.81402665	0.83963376	0.83095884	0.79814875	0.85542977	0.83514774	0.83854127	0.9043307	0.8340547	0.8231062	0.78463936	0.8578398	0.8575149	0.80398476	0.7934032	0.8114147	0.84239495	0.8136351	0.82443684	0.8711438	0.8541009	0.8713119	0.8159861	0.90253216	0.81592643	0.81675303	0.8687326	0.8946992	0.81998754	0.83152884	0.8226196	0.8248357	0.7983965	0.7833752	0.8528256	0.81464756	0.86743903	0.8254768	0.8017169	0.8086133	0.866079	0.7434865	0.8331093	0.89060646	0.7877295	0.877295	0.7728248	0.7699994	0.840645	0.8537026	0.8101193	0.8236791	0.88420194	0.8584671	0.8213221	0.7628696	0.83571327	0.87992835	0.8200782
behoorlijk/adj	0.76935804	0.77963585	0.7637462	0.81830806	0.77568835	0.83362997	0.58110803	0.81577104	0.0	0.94717205	0.8142626	0.8830866	0.74885654	0.81837046	0.7674453	0.9529642	0.90185463	0.8062906	0.69268656	0.8491548	0.8554332	0.66330105	0.8695245	0.7594653	0.7674206	0.7017991	0.7403424	0.8166733	0.85034066	0.74391013	0.8364005	0.79195094	0.70669997	0.6794427	0.7218366	0.6068772	0.7879419	0.82827616	0.858783	0.8310472	0.816274	0.69110894	0.8866655	0.7829714	0.76339084	0.87675256	0.8269247	0.7993593	0.7703458	0.72712743	0.84113383	0.8305098	0.7731949	0.7604368	0.88290644	0.81486577	0.7446596	0.74606186	0.8114959	0.7904341	0.72769594	0.83704185	0.74085635	0.84541255	0.90608245	0.68251	0.7550254	0.73669934	0.78113055	0.83746004	0.78685	0.8142904	0.8556834	0.70688665	0.7287243	0.65321326	0.89937115	0.83686405	0.8660394	0.60603344	0.869048	0.7529956	0.67800933	0.7582187	0.8235369	0.69497037	0.6829758	0.8598	0.8192735	0.76490957	0.63158196	0.88380957	0.8268724	0.8382563	0.81140864	0.7202325	0.7879143	0.78790444	0.869279	0.80299914	0.79328567	0.71751106	0.8691172	0.71325475	0.82644975	0.7904391	0.8809805	0.81386966	0.8618872	0.87144536	0.8204732	0.8323406	0.76143605	0.7809815	0.9423041	0.7779782
provincie_raad_lid/noun	0.9221009	0.8832003	0.9299206	0.914606	0.8889342	0.93676096	0.95369864	0.8935809	0.94717205	0.0	0.85193616	0.9510015	0.9457905	0.9662851	0.9148323	0.6893708	0.7024155	0.9554242	0.9523464	0.9399108	0.88457674	0.94991356	0.8500385	0.94851816	0.96208966	0.9133545	0.92583746	0.94721097	0.9458187	0.9362841	0.9198552	0.87157714	0.93370175	0.9093306	0.9241347	0.89921963	0.93207186	0.90299726	0.88247436	0.952967	0.93178535	0.95745873	0.92250544	0.95257187	0.92928624	0.9573494	0.9305545	0.9146203	0.9242844	0.9150999	0.8589639	0.94233644	0.91551673	0.90223306	0.9229054	0.9640856	0.9412288	0.9382769	0.9282327	0.93995655	0.8645814	0.9044633	0.93379575	0.9210557	0.85058844	0.95033425	0.9363199	0.9071229	0.94794095	0.9624381	0.9310576	0.91797274	0.81939256	0.95754206	0.9097781	0.96065754	0.835264	0.8608569	0.9505031	0.96456885	0.89870083	0.9108095	0.9381117	0.95442605	0.9246745	0.9494332	0.938579	0.9072897	0.91809297	0.9421618	0.93136775	0.89603704	0.8501773	0.9342626	0.94910336	0.93961716	0.8291052	0.9506427	0.8896982	0.902028	0.91018814	0.94531125	0.9407249	0.9140341	0.9437812	0.8926522	0.9371417	0.90164834	0.9497516	0.92210233	0.93351394	0.9113804	0.8365308	0.94581866	0.7989153	0.914866
door/prep	0.78863496	0.88317406	0.78556174	0.7816299	0.84047663	0.8596561	0.7758574	0.81404084	0.8142626	0.85193616	0.0	0.833438	0.86746866	0.71110916	0.7969906	0.8408285	0.8410627	0.8477078	0.8815239	0.8793421	0.79840624	0.81241816	0.78172714	0.6992455	0.8886496	0.7160021	0.9216853	0.7944779	0.851099	0.79026484	0.77796406	0.791185	0.8256346	0.82724744	0.8413992	0.7148116	0.78971434	0.81443685	0.7838211	0.7943455	0.8321204	0.8187114	0.7656847	0.9262055	0.7736962	0.8784713	0.8920563	0.8050068	0.8625206	0.7402369	0.87390465	0.8269181	0.7295183	0.78903747	0.8578034	0.79483616	0.89921343	0.89747924	0.8085795	0.7775917	0.77491885	0.82928056	0.9244381	0.81411105	0.85265875	0.77392185	0.85401535	0.7984156	0.8650409	0.80292255	0.8737698	0.8401428	0.71382487	0.8861373	0.7410948	0.81121254	0.69732976	0.7205993	0.88636863	0.884305	0.7710448	0.7665516	0.69352806	0.8418213	0.88597196	0.9316771	0.75349545	0.7367611	0.7274416	0.80679584	0.912072	0.8508856	0.79493403	0.8711714	0.9162637	0.85404813	0.7475271	0.9249698	0.85158473	0.7991516	0.8995055	0.8829287	0.823819	0.9001192	0.83971083	0.8832204	0.8245363	0.7069017	0.83515376	0.8578015	0.75953025	0.7025558	0.77608347	0.7991202	0.84910995	0.7529598
golfplaat/noun	0.92840487	0.88772005	0.939187	0.9091722	0.94061387	0.9009661	0.85355073	0.9188483	0.8830866	0.9510015	0.833438	0.0	0.8740196	0.91035396	0.9080657	0.9680885	0.9500565	0.91943616	0.89113873	0.88181293	0.91532964	0.8996364	0.9413024	0.7758861	0.85892683	0.7712115	0.92042816	0.8058635	0.92584884	0.89426255	0.81447345	0.92786473	0.8961211	0.9150107	0.9092344	0.8750513	0.874407	0.9362004	0.91782826	0.9038087	0.9152673	0.94057304	0.9463778	0.9130946	0.8908329	0.8859212	0.8936697	0.8783566	0.86996555	0.8776667	0.9145187	0.72868484	0.855438	0.8988532	0.86712074	0.80094635	0.9166847	0.9040002	0.8629443	0.92099684	0.9025257	0.8811852	0.89541185	0.9244822	0.9495038	0.83674383	0.91414064	0.8428204	0.82744735	0.83669806	0.92178106	0.9102988	0.91731125	0.8700008	0.8182881	0.91102076	0.9496262	0.8660089	0.84896237	0.87397766	0.9235716	0.8849574	0.9200516	0.8962906	0.8712375	0.9295542	0.88627064	0.87992543	0.8856887	0.91974425	0.9039118	0.8260056	0.9096612	0.915688	0.9371309	0.8538301	0.8860093	0.94266725	0.9656749	0.91845846	0.87557083	0.92193186	0.90955365	0.90806824	0.9290598	0.90305156	0.80199957	0.91906476	0.87586075	0.9406862	0.58619946	0.9113732	0.88877773	0.91812265	0.9285035	0.93137777
gewoon/adj	0.847053	0.73541594	0.8889746	0.838636	0.8529247	0.87063825	0.60819495	0.82850325	0.74885654	0.9457905	0.86746866	0.8740196	0.0	0.83553714	0.8300674	0.96823144	0.91110104	0.7898606	0.6450193	0.82940924	0.8004246	0.7634266	0.9073664	0.8325977	0.5511799	0.69578815	0.51148343	0.8637965	0.92075217	0.75376654	0.79540944	0.74767655	0.6475326	0.6871676	0.5398905	0.74723715	0.7515532	0.86250377	0.85270846	0.82022697	0.7688813	0.83883953	0.9069027	0.5757822	0.6122662	0.74215037	0.6662261	0.7151919	0.7519225	0.66554165	0.8774232	0.7601839	0.71605	0.722439	0.7595669	0.81594634	0.64686096	0.5385171	0.7607053	0.90300363	0.83113813	0.73928106	0.7454057	0.8128387	0.90701973	0.62413824	0.65598476	0.56789696	0.6415099	0.80071	0.63892496	0.74885833	0.88384557	0.63754165	0.7305749	0.67942834	0.9176124	0.8253215	0.7674205	0.61303675	0.90538365	0.68987584	0.8865738	0.6561875	0.86341506	0.60544163	0.64943194	0.84248376	0.7309459	0.8741494	0.56255496	0.8675951	0.86747694	0.7745308	0.694895	0.66644084	0.7974342	0.70152223	0.8843828	0.8271765	0.84299755	0.6473932	0.75978553	0.6035534	0.76804215	0.8482171	0.8129244	0.7510751	0.83507395	0.909441	0.8162624	0.7726685	0.7165874	0.8696105	0.9391132	0.70519054
angst/noun	0.75093234	0.8039615	0.8028937	0.8098706	0.8971111	0.8132942	0.6619324	0.8349148	0.81837046	0.9662851	0.71110916	0.91035396	0.83553714	0.0	0.81992066	0.9734999	0.937275	0.5802665	0.82458234	0.91262054	0.8136854	0.779793	0.9043921	0.7295692	0.79641056	0.8231218	0.78806925	0.8629141	0.6206683	0.82944536	0.7387887	0.8183755	0.74260455	0.76471907	0.76588976	0.7655489	0.7684314	0.88487864	0.8893631	0.4911409	0.7993647	0.81015897	0.90796757	0.82480097	0.7911148	0.9174763	0.88631123	0.8941304	0.80071145	0.7130235	0.9505172	0.8871841	0.7709732	0.7791351	0.91570455	0.82718337	0.8234412	0.81215036	0.8435126	0.8494467	0.8086327	0.8562857	0.8509422	0.8981323	0.91147316	0.7802641	0.79215014	0.7380718	0.8284023	0.7809776	0.79032296	0.8054429	0.8246584	0.8241282	0.76220965	0.68052375	0.87821543	0.82568526	0.92739046	0.7487689	0.8187612	0.76966715	0.74949646	0.8438755	0.8826957	0.84454477	0.7043451	0.8154825	0.76066583	0.80751646	0.79065144	0.91604364	0.8630625	0.9103137	0.83271945	0.8232335	0.83991903	0.85175425	0.89586794	0.8452327	0.9158255	0.7893535	0.7947499	0.82937664	0.7357898	0.9013626	0.8974025	0.7892	0.7423789	0.94208217	0.87014633	0.76415807	0.78825283	0.8015125	0.9709602	0.7336248
overigens/adv	0.80225784	0.66961426	0.7781042	0.7363285	0.8322898	0.84812737	0.70860493	0.7944201	0.7674453	0.9148323	0.7969906	0.9080657	0.8300674	0.81992066	0.0	0.94144815	0.8946445	0.84935683	0.7191464	0.89407957	0.7996238	0.72257954	0.81128335	0.8769078	0.7682593	0.78589684	0.74560034	0.9057262	0.76186955	0.8238965	0.8327481	0.63155836	0.75325054	0.6861316	0.73868597	0.5397266	0.804915	0.84400684	0.8585747	0.8587564	0.7723968	0.85649574	0.8890129	0.75512785	0.728594	0.94193673	0.898186	0.8118737	0.7344364	0.7546754	0.892393	0.9060036	0.8069272	0.77124107	0.93249947	0.8968985	0.6221131	0.75136364	0.8613985	0.6116313	0.49946457	0.8675033	0.6971793	0.82677627	0.84906876	0.68786424	0.7581848	0.74414843	0.8291925	0.8624024	0.70266604	0.8088246	0.82663417	0.82592434	0.8694942	0.84308475	0.65979934	0.88058466	0.89082426	0.8232725	0.8601091	0.76436555	0.71140736	0.8070784	0.85560113	0.64761615	0.6820756	0.85504323	0.78499866	0.7752903	0.6350259	0.89903224	0.8378655	0.8736434	0.7317132	0.84489095	0.73793113	0.81594944	0.8632467	0.77285373	0.89116436	0.5803387	0.9062723	0.75882536	0.8726387	0.7541163	0.91095114	0.7328224	0.91269636	0.8370038	0.88337326	0.77162606	0.7035929	0.8033661	0.88727206	0.69473934
Chris/name	0.9180752	0.96216786	0.96997917	0.9514377	0.8386222	0.93586147	0.9615172	0.8955673	0.9529642	0.6893708	0.8408285	0.9680885	0.96823144	0.9734999	0.94144815	0.0	0.46530396	0.9628062	0.967412	0.9642978	0.9181566	0.9718906	0.6889058	0.95368123	0.9746673	0.96116704	0.9526121	0.986924	0.9514104	0.9595636	0.9587842	0.956625	0.9611802	0.94391036	0.96611726	0.95300716	0.93394065	0.8191261	0.9178154	0.9381344	0.9250021	0.9419255	0.94788784	0.9786728	0.94489324	0.9757144	0.9131762	0.94936955	0.9818418	0.9496341	0.8620672	0.955046	0.96246266	0.97324294	0.9457733	0.9468435	0.9744112	0.97226655	0.95489615	0.9408051	0.9113437	0.95921427	0.9649114	0.927191	0.8697521	0.95635664	0.95186055	0.9422362	0.9697368	0.9797114	0.9510888	0.94349194	0.853057	0.94519114	0.9177302	0.95343566	0.7760068	0.8909206	0.9670195	0.9690577	0.8829342	0.90033567	0.95335066	0.9622822	0.94177496	0.97484815	0.95514107	0.8971236	0.92503995	0.9594009	0.9584016	0.81152374	0.74832004	0.9034436	0.97717947	0.95537734	0.8615675	0.97515434	0.7235433	0.8700676	0.8834977	0.9827035	0.95790696	0.9581058	0.9629466	0.95692486	0.948827	0.9198698	0.9427462	0.92842114	0.9637873	0.94706595	0.8923237	0.9594492	0.9120384	0.97186446
Verhaegen/name	0.89541435	0.8874316	0.9373795	0.911015	0.8098742	0.9248688	0.91769403	0.8616071	0.90185463	0.7024155	0.8410627	0.9500565	0.91110104	0.937275	0.8946445	0.46530396	0.0	0.94243693	0.9223401	0.9196853	0.9017589	0.9208595	0.7310207	0.90331566	0.92937034	0.8675288	0.8887116	0.9413231	0.9277398	0.8808469	0.91057664	0.87866515	0.92185724	0.88820636	0.9084183	0.8933048	0.8928123	0.78920686	0.90182954	0.91950834	0.90716565	0.90404826	0.89706844	0.9257842	0.9014994	0.93493605	0.8785626	0.8639607	0.9198806	0.8827318	0.8340769	0.8815264	0.89122033	0.89136595	0.9012059	0.9452249	0.9080521	0.90431815	0.8926244	0.90395415	0.82836527	0.89680284	0.8882772	0.9087813	0.8617612	0.918538	0.90308845	0.8785768	0.9147144	0.9368703	0.90000784	0.90458083	0.8603181	0.87251	0.8391812	0.9248097	0.81991297	0.82371527	0.9517745	0.92397135	0.85309803	0.8695444	0.8955661	0.8940777	0.9164608	0.91541517	0.9297775	0.8929319	0.89833695	0.9252158	0.8819103	0.82921094	0.77357876	0.8729333	0.93726206	0.90185755	0.81748194	0.9480699	0.7576133	0.8266981	0.84345824	0.92477065	0.9324746	0.8632718	0.9344959	0.8974166	0.91298985	0.8744929	0.92799056	0.8880005	0.9148163	0.9002989	0.8338474	0.9271519	0.87588024	0.9095879
pijn/noun	0.6967694	0.8050182	0.91638136	0.8722575	0.86239976	0.6151211	0.63041407	0.82262635	0.8062906	0.9554242	0.8477078	0.91943616	0.7898606	0.5802665	0.84935683	0.9628062	0.94243693	0.0	0.7907621	0.8867662	0.8445983	0.8370708	0.9187341	0.7154001	0.7677263	0.80830675	0.6397784	0.8654704	0.7611028	0.82834446	0.70419943	0.8285081	0.7933889	0.75456285	0.71291053	0.8066393	0.8068442	0.8586335	0.9171127	0.51145303	0.83467907	0.75530547	0.9184116	0.7770101	0.8307588	0.8941495	0.83476293	0.87726414	0.7895063	0.7108949	0.9395777	0.88653564	0.7928292	0.8325157	0.8825972	0.74346685	0.78259397	0.73076534	0.82355165	0.8874319	0.8549869	0.8317071	0.8023567	0.875166	0.926826	0.7822944	0.6944351	0.67543316	0.8126219	0.8132905	0.722662	0.81393564	0.88617796	0.75949866	0.7392899	0.6601387	0.9330509	0.82104856	0.9078597	0.73886335	0.8994706	0.838224	0.8154722	0.813854	0.878519	0.7661706	0.71698564	0.8552799	0.7275246	0.8854103	0.7302331	0.82694036	0.8635745	0.8699448	0.81900895	0.7832124	0.8615509	0.81170505	0.8813508	0.8600735	0.89426064	0.75938565	0.78847265	0.7591833	0.780253	0.8693097	0.8697608	0.7836668	0.72526896	0.9080668	0.88340646	0.8248657	0.741261	0.8058448	0.9545483	0.8157513
zo/adv	0.8389195	0.6762558	0.8251101	0.80608207	0.8701271	0.85400975	0.5478666	0.8142058	0.69268656	0.9523464	0.8815239	0.89113873	0.6450193	0.82458234	0.7191464	0.967412	0.9223401	0.7907621	0.0	0.8807989	0.8610736	0.8050817	0.8885563	0.8477616	0.6584792	0.72375	0.5853977	0.8621476	0.8786823	0.7468746	0.8151152	0.65494204	0.76894367	0.71199477	0.61995053	0.6499093	0.8771177	0.883995	0.8824298	0.79854673	0.7298097	0.8579769	0.92719144	0.6695298	0.75356585	0.8991745	0.82334673	0.80902827	0.7753531	0.6939776	0.90938336	0.84138966	0.81661206	0.7564548	0.90614617	0.79392374	0.6301255	0.6219796	0.8304426	0.84875077	0.7561754	0.82054466	0.7352263	0.84567666	0.9084803	0.70593035	0.6546514	0.61873907	0.74542403	0.78203523	0.66228247	0.76224405	0.8937184	0.63112605	0.7694514	0.6617139	0.91047543	0.8564168	0.85060394	0.62804925	0.9244834	0.76692796	0.8181871	0.7373018	0.8579726	0.6231289	0.6749159	0.86849916	0.7578974	0.78221315	0.5500196	0.88915527	0.8499965	0.8308673	0.67415226	0.74814206	0.8161319	0.64330703	0.88559496	0.811341	0.9127137	0.5848807	0.84139067	0.6428925	0.7697131	0.790364	0.8695509	0.76008046	0.8355932	0.889795	0.85865927	0.8009037	0.68370986	0.8360408	0.9404392	0.7819041
dag/noun	0.85169816	0.87304246	0.94236135	0.9048292	0.80765855	0.8870126	0.812448	0.88600373	0.8491548	0.9399108	0.8793421	0.88181293	0.82940924	0.91262054	0.89407957	0.9642978	0.9196853	0.8867662	0.8807989	0.0	0.920195	0.8406987	0.9103961	0.8050462	0.7822381	0.78580225	0.81637484	0.83852524	0.93014777	0.8593869	0.85346615	0.89454305	0.88992846	0.91345096	0.8197795	0.871854	0.85661894	0.8711275	0.8098427	0.9001074	0.8944307	0.91232204	0.73008466	0.8213237	0.88931817	0.66219485	0.7841258	0.8007774	0.7576314	0.77206874	0.6143794	0.8213022	0.7939527	0.8611376	0.7053766	0.8882496	0.8982086	0.83859414	0.7893756	0.87151515	0.8623798	0.73005927	0.74915075	0.89934784	0.84858996	0.7682016	0.89117664	0.7740345	0.79156756	0.8665927	0.9017581	0.894347	0.79496765	0.76726186	0.80801654	0.8308972	0.94599366	0.74733436	0.8643754	0.88258034	0.9173093	0.85348284	0.870427	0.89188445	0.6613141	0.9025055	0.83306336	0.815987	0.8538003	0.93221384	0.88818824	0.81523305	0.8673542	0.8264315	0.9290529	0.74615955	0.7649498	0.9243639	0.8605551	0.8299799	0.6112273	0.920937	0.7476263	0.8011687	0.8194132	0.6645432	0.8401366	0.85854864	0.8999229	0.4051841	0.8693217	0.8263098	0.76933706	0.93639576	0.8123561	0.8662865
ertegen/pp	0.8706932	0.79312176	0.8332828	0.78248644	0.90534353	0.8967191	0.8168086	0.86976427	0.8554332	0.88457674	0.79840624	0.91532964	0.8004246	0.8136854	0.7996238	0.9181566	0.9017589	0.8445983	0.8610736	0.920195	0.0	0.8381711	0.87125444	0.8429135	0.83513606	0.8081507	0.81166095	0.8698871	0.86756784	0.8604679	0.8326585	0.7650416	0.8100847	0.820402	0.7816571	0.81801754	0.83977044	0.8844998	0.8437142	0.8554425	0.86707497	0.89177823	0.8933008	0.82381356	0.7942894	0.90059686	0.8686416	0.8096412	0.82509637	0.79134214	0.9413219	0.85105395	0.7977104	0.77507186	0.8925449	0.8792754	0.8292961	0.80243653	0.8767178	0.82487714	0.7970549	0.8323704	0.86250263	0.8977642	0.89484096	0.82228225	0.8235106	0.74968886	0.8311877	0.89259523	0.81759393	0.8279773	0.84118587	0.84511435	0.83452517	0.8380146	0.817198	0.84410846	0.9037429	0.8495039	0.6904508	0.8129696	0.8551866	0.86202043	0.90918446	0.829849	0.8117597	0.87873775	0.7907598	0.85957086	0.8261321	0.89949733	0.8809433	0.89699787	0.85391873	0.86039007	0.81152767	0.86233276	0.9004174	0.84990937	0.9076517	0.83080256	0.8516007	0.8226499	0.87534595	0.8760382	0.8946709	0.78850406	0.86005664	0.9094969	0.86131346	0.7861359	0.7626774	0.8496951	0.92198205	0.77150124
nauwelijks/adv	0.825701	0.6880151	0.7899195	0.75971526	0.82578844	0.8474013	0.6833848	0.8112899	0.66330105	0.94991356	0.81241816	0.8996364	0.7634266	0.779793	0.72257954	0.9718906	0.9208595	0.8370708	0.8050817	0.8406987	0.8381711	0.0	0.88715667	0.8132012	0.76424575	0.69579965	0.7444668	0.84043664	0.82268745	0.75203246	0.8144673	0.7537849	0.647926	0.6715282	0.74511564	0.6308621	0.7453103	0.8520641	0.8295147	0.8270043	0.786075	0.79519606	0.87590015	0.7551068	0.6971459	0.88657016	0.8724016	0.7996516	0.7183355	0.6912564	0.90472996	0.8717243	0.71504664	0.7226105	0.87275124	0.84493136	0.61099774	0.77103996	0.7842695	0.77156156	0.71425784	0.7824998	0.7196984	0.8381001	0.8998519	0.70918095	0.7360719	0.6893111	0.79031	0.8313388	0.7350626	0.7771295	0.8404731	0.7747929	0.7541276	0.8183973	0.8772513	0.82620555	0.88560915	0.79116833	0.8824215	0.7587073	0.80278397	0.70938313	0.8031297	0.6995307	0.6426585	0.8437177	0.7551064	0.82413554	0.7279589	0.8844004	0.8206413	0.8295871	0.70676565	0.7828569	0.8139001	0.820848	0.8963768	0.7908332	0.530859	0.7411208	0.8569005	0.71481013	0.83845717	0.7893363	0.90190583	0.72771883	0.86673075	0.8769031	0.830894	0.73637044	0.7347067	0.7774717	0.93444496	0.73160565
Schneider/name	0.8600624	0.86893386	0.88505554	0.8756271	0.8670469	0.91886085	0.87002003	0.86750364	0.8695245	0.8500385	0.78172714	0.9413024	0.9073664	0.9043921	0.81128335	0.6889058	0.7310207	0.9187341	0.8885563	0.9103961	0.87125444	0.88715667	0.0	0.908805	0.89656544	0.88730973	0.8796159	0.9243993	0.91359514	0.89009583	0.9192399	0.8740436	0.9019109	0.90191686	0.8833084	0.8548757	0.9037119	0.770781	0.8889851	0.863685	0.8837879	0.9107636	0.8691072	0.9096884	0.8676088	0.9362747	0.89311594	0.87213105	0.91151696	0.8487919	0.9032251	0.904652	0.8570782	0.8876893	0.9380087	0.9080401	0.8940793	0.89710724	0.8777453	0.8638059	0.85933524	0.8841086	0.89642316	0.8941561	0.8337433	0.8754966	0.89041436	0.83816653	0.8861717	0.9365725	0.8816215	0.87823	0.7772241	0.87531644	0.86611116	0.89630795	0.7806927	0.80753326	0.9298416	0.9082794	0.87322265	0.8322284	0.8819509	0.90894663	0.87509114	0.89738595	0.87241834	0.837891	0.83161753	0.9024304	0.88584495	0.9067698	0.81105906	0.8658917	0.9048228	0.8871285	0.83228487	0.93426794	0.78855896	0.8004517	0.8723784	0.886166	0.8999179	0.8827499	0.90017664	0.86885965	0.89495504	0.8339903	0.8835562	0.8709693	0.9214111	0.87372893	0.7562808	0.8771976	0.87539953	0.90253484
hitte/noun	0.7586464	0.8555887	0.8762715	0.8713521	0.87723404	0.75477767	0.7086172	0.8637182	0.7594653	0.94851816	0.6992455	0.7758861	0.8325977	0.7295692	0.8769078	0.95368123	0.90331566	0.7154001	0.8477616	0.8050462	0.8429135	0.8132012	0.908805	0.0	0.7997733	0.70018184	0.8348813	0.66374767	0.8644839	0.7620001	0.60834914	0.8517287	0.79759455	0.82010764	0.79787385	0.7572528	0.809623	0.8480869	0.8800496	0.77441335	0.8538435	0.7917751	0.83372253	0.87987155	0.83123446	0.78971225	0.8382944	0.84477067	0.795683	0.7181388	0.81848884	0.72783214	0.7432069	0.83090734	0.7862673	0.7314913	0.859684	0.82307166	0.7864454	0.86365664	0.8070574	0.8113464	0.85774213	0.8926511	0.91840637	0.7212912	0.8548334	0.76476765	0.77730775	0.6783067	0.87404466	0.86084914	0.85764205	0.78688633	0.6870931	0.7554005	0.9077207	0.781656	0.846605	0.806924	0.8623608	0.79684955	0.79295456	0.8209644	0.85102344	0.88681525	0.7696991	0.79899347	0.8447462	0.84605134	0.82951236	0.84314525	0.8517943	0.88264644	0.9149156	0.77205646	0.8167927	0.90606546	0.86864376	0.84403217	0.8477701	0.84002084	0.8460325	0.8491347	0.8623562	0.86460274	0.7925732	0.85936904	0.83565664	0.8833601	0.7076551	0.8310666	0.825409	0.76139426	0.9221074	0.8408984
hier/adv	0.84504914	0.68438995	0.8854356	0.8448943	0.8403312	0.85146964	0.6352449	0.8128565	0.7674206	0.96208966	0.8886496	0.85892683	0.5511799	0.79641056	0.7682593	0.9746673	0.92937034	0.7677263	0.6584792	0.7822381	0.83513606	0.76424575	0.89656544	0.7997733	0.0	0.74234307	0.5112498	0.8062027	0.87980473	0.7995938	0.7573846	0.77589345	0.7034941	0.69330657	0.5741841	0.73487365	0.81944555	0.8811212	0.8352778	0.7990376	0.69186306	0.85467464	0.88202685	0.6498015	0.76893055	0.70062584	0.64267474	0.7439118	0.55399007	0.6510644	0.82373774	0.74223155	0.7285731	0.78549176	0.70414925	0.8482636	0.6491996	0.5574724	0.72753394	0.85975546	0.82828313	0.7303567	0.6500168	0.834646	0.88539624	0.6299521	0.6633518	0.55569744	0.37705553	0.7747265	0.6117228	0.7868744	0.84829444	0.6629821	0.70178545	0.6892373	0.92699176	0.7857894	0.80848336	0.6603912	0.9311656	0.72060275	0.8899661	0.7540193	0.8250352	0.6261928	0.65081584	0.81926775	0.74873686	0.8429574	0.5801181	0.89678645	0.8685728	0.76607597	0.66529596	0.6817508	0.783929	0.6670897	0.87251496	0.78525746	0.8320395	0.6453905	0.74107677	0.58232725	0.7817631	0.7391794	0.8103638	0.7623083	0.822374	0.86884165	0.81146234	0.7658796	0.69014394	0.89343166	0.92668563	0.7376603
zodat/comp	0.80983245	0.7143903	0.7864527	0.7729074	0.7724271	0.8187921	0.70925546	0.8141695	0.7017991	0.9133545	0.7160021	0.7712115	0.69578815	0.8231218	0.78589684	0.96116704	0.8675288	0.80830675	0.72375	0.78580225	0.8081507	0.69579965	0.88730973	0.70018184	0.74234307	0.0	0.7909567	0.69384766	0.8564747	0.61075217	0.7223525	0.6569818	0.73331094	0.7227764	0.6498159	0.51707387	0.6831213	0.82432127	0.811984	0.8367641	0.810935	0.7735493	0.8703208	0.77553093	0.6511028	0.7684026	0.7538897	0.66416943	0.6709756	0.54392684	0.81240004	0.6843303	0.5139952	0.5484216	0.74094343	0.68391824	0.73571205	0.66433346	0.67709315	0.81718636	0.66664934	0.6561964	0.7063707	0.7721338	0.88172805	0.64752907	0.7967872	0.6812218	0.72035974	0.72058946	0.82737935	0.7780973	0.8505194	0.6881257	0.68249977	0.84456635	0.87274677	0.785283	0.78860116	0.767259	0.8230382	0.767643	0.77055615	0.6539805	0.80630285	0.7830225	0.71476436	0.83616465	0.7972764	0.7892529	0.7254212	0.7610872	0.81114936	0.8270308	0.82973754	0.61657095	0.6761559	0.83233047	0.87908924	0.82875437	0.7853621	0.78267455	0.8037895	0.6397438	0.82726455	0.7946006	0.74786735	0.78998613	0.8317026	0.8237542	0.6263805	0.7481115	0.796543	0.7697633	0.8174099	0.64891577
ik/pron	0.7830996	0.48156834	0.9201286	0.77735466	0.77777714	0.7924357	0.55777466	0.7824805	0.7403424	0.92583746	0.9216853	0.92042816	0.51148343	0.78806925	0.74560034	0.9526121	0.8887116	0.6397784	0.5853977	0.81637484	0.81166095	0.7444668	0.8796159	0.8348813	0.5112498	0.7909567	0.0	0.897357	0.85462576	0.7775096	0.80605006	0.62978923	0.69819486	0.59834325	0.4738471	0.7639016	0.8356669	0.8260654	0.8624563	0.74345195	0.7088158	0.80462146	0.9004768	0.538648	0.7549051	0.76365876	0.6765265	0.687352	0.70123726	0.61861324	0.8801061	0.8171734	0.7491665	0.7157775	0.7876115	0.8755267	0.48716813	0.42111927	0.7358602	0.85311526	0.78303325	0.69820166	0.59614205	0.8440879	0.8565532	0.7132433	0.3885492	0.32076526	0.60533386	0.8403067	0.40355694	0.6687392	0.8632142	0.5814157	0.6978574	0.5998608	0.95662427	0.7258989	0.88227075	0.53616005	0.92008036	0.7611696	0.8899561	0.711426	0.8656701	0.46522492	0.67288524	0.838186	0.58487177	0.8814637	0.4270146	0.8786132	0.81734896	0.77518046	0.54217494	0.64720356	0.7793013	0.621295	0.7983235	0.797859	0.82905316	0.556652	0.7489313	0.33132917	0.7494141	0.7222005	0.88222677	0.5924207	0.81773037	0.85777634	0.8923668	0.699721	0.4063241	0.85914874	0.9241556	0.7392421
lucht/noun	0.9088951	0.872831	0.9007965	0.8884399	0.93822694	0.8490726	0.7630452	0.88465106	0.8166733	0.94721097	0.7944779	0.8058635	0.8637965	0.8629141	0.9057262	0.986924	0.9413231	0.8654704	0.8621476	0.83852524	0.8698871	0.84043664	0.9243993	0.66374767	0.8062027	0.69384766	0.897357	0.0	0.9353354	0.8227438	0.71211606	0.92565495	0.8750404	0.8773176	0.8472895	0.8337337	0.8594684	0.90507996	0.9374197	0.88912284	0.8831904	0.9028998	0.92633283	0.8787142	0.84663534	0.81392795	0.894184	0.8050231	0.799403	0.7802829	0.8599546	0.6775825	0.71894413	0.8565201	0.841558	0.6863916	0.9038852	0.8272395	0.774296	0.9211157	0.82509446	0.823593	0.87710595	0.9203669	0.9396395	0.73057425	0.89488244	0.79218185	0.79314613	0.6427897	0.91707194	0.91306937	0.92016023	0.7964625	0.7126841	0.8510688	0.95811343	0.84412044	0.76072335	0.8306827	0.9221425	0.8497529	0.87403506	0.8410101	0.8874801	0.9159591	0.8577724	0.8523989	0.84951794	0.85050243	0.8677888	0.80847144	0.89394265	0.88511014	0.9398554	0.7377869	0.8786384	0.9231923	0.9257575	0.91608155	0.87456983	0.91785145	0.91593456	0.88222957	0.8825486	0.92609876	0.6843864	0.87019914	0.803206	0.94735056	0.66080475	0.88053215	0.85223675	0.8885512	0.9613644	0.87829334
twijfel/noun	0.7719152	0.81837165	0.8284359	0.8388534	0.8613673	0.875567	0.8282455	0.87701136	0.85034066	0.9458187	0.851099	0.92584884	0.92075217	0.6206683	0.76186955	0.9514104	0.9277398	0.7611028	0.8786823	0.93014777	0.86756784	0.82268745	0.91359514	0.8644839	0.87980473	0.8564747	0.85462576	0.9353354	0.0	0.85620904	0.87804586	0.84767354	0.81215197	0.79827255	0.86337256	0.7952454	0.82434577	0.87623936	0.9223376	0.733487	0.85891986	0.832444	0.9280527	0.82847774	0.8334466	0.96097434	0.9399901	0.8836559	0.79366875	0.8420367	0.93005997	0.93653786	0.8472296	0.8314234	0.9542122	0.90524316	0.8256769	0.85753614	0.9027041	0.8345617	0.7446786	0.89443815	0.8047137	0.9011882	0.9247782	0.8491059	0.88524574	0.8540159	0.88395226	0.9041206	0.8585458	0.8498757	0.86640346	0.8757565	0.8693295	0.85791373	0.8328054	0.8923563	0.94406956	0.8754458	0.8969724	0.8545559	0.79070365	0.88651127	0.9350951	0.84010154	0.837723	0.90298855	0.88206506	0.86802727	0.8028535	0.90779454	0.87638044	0.8974879	0.87245333	0.8636948	0.85172665	0.89299667	0.89102703	0.8591306	0.9080426	0.8234281	0.9187894	0.8412244	0.8524053	0.85297024	0.9349601	0.85825473	0.8545272	0.8915638	0.9051006	0.8663762	0.83426094	0.81111765	0.9522369	0.7950668
snel/adj	0.8160174	0.75446993	0.8569567	0.8232074	0.8610822	0.87838244	0.75964355	0.8537432	0.74391013	0.9362841	0.79026484	0.89426255	0.75376654	0.82944536	0.8238965	0.9595636	0.8808469	0.82834446	0.7468746	0.8593869	0.8604679	0.75203246	0.89009583	0.7620001	0.7995938	0.61075217	0.7775096	0.8227438	0.85620904	0.0	0.82183254	0.76201636	0.8160584	0.76089007	0.7294805	0.6786017	0.7918426	0.8366735	0.88680714	0.88694	0.8405409	0.818334	0.8943788	0.79829943	0.74873215	0.87588716	0.8549018	0.7251167	0.76752836	0.6804257	0.87227297	0.8246368	0.5938462	0.7058407	0.8612295	0.8548936	0.7704128	0.71207833	0.6769966	0.8525266	0.73502284	0.6744194	0.7679615	0.87739867	0.9155769	0.76248693	0.8100415	0.71350265	0.78114057	0.8685494	0.83231336	0.84561884	0.8382705	0.71828735	0.65285057	0.8352089	0.9037706	0.7398319	0.9090668	0.80603266	0.88042265	0.8454751	0.7733126	0.60024965	0.8328497	0.7883979	0.72133493	0.8727885	0.81715596	0.8844104	0.73050755	0.85371196	0.8456531	0.80119085	0.8552526	0.65043724	0.6919571	0.80820495	0.85800076	0.85462666	0.82836306	0.7863327	0.8883998	0.69940126	0.8733678	0.8126781	0.9044885	0.7949429	0.9034848	0.86100626	0.82848305	0.80454195	0.7502935	0.7712114	0.8532255	0.76993614
stank/noun	0.830793	0.80763686	0.9010333	0.860788	0.91660786	0.7769682	0.7328503	0.86883116	0.8364005	0.9198552	0.77796406	0.81447345	0.79540944	0.7387887	0.8327481	0.9587842	0.91057664	0.70419943	0.8151152	0.85346615	0.8326585	0.8144673	0.9192399	0.60834914	0.7573846	0.7223525	0.80605006	0.71211606	0.87804586	0.82183254	0.0	0.84474	0.7922807	0.8072921	0.7702858	0.76605004	0.8281014	0.907217	0.8811446	0.7697249	0.84317636	0.8856078	0.8979245	0.8451655	0.81574017	0.8202483	0.84449494	0.8329445	0.7638115	0.72060764	0.8870407	0.764118	0.74256027	0.79738045	0.79179263	0.7635505	0.83062446	0.8115864	0.7987631	0.87139004	0.8299822	0.8155311	0.85448927	0.8879204	0.9042737	0.7575266	0.81346214	0.7361937	0.7624397	0.5346707	0.81722414	0.8433246	0.86086535	0.79831934	0.7419877	0.7625243	0.88163763	0.80315775	0.7890003	0.80997354	0.89838976	0.826002	0.84496695	0.83902454	0.8970794	0.8664087	0.77097845	0.8144428	0.79882437	0.8692629	0.8278376	0.8507391	0.8826762	0.896306	0.84835947	0.8036377	0.8215339	0.89296514	0.90957344	0.85242134	0.89673394	0.80156636	0.8531272	0.823135	0.86295056	0.87069404	0.76330525	0.8165611	0.83657014	0.9212902	0.7525841	0.8118062	0.8294636	0.80701464	0.9332409	0.80533814
daarom/pp	0.8270692	0.5725529	0.7963679	0.72560155	0.80904734	0.86237884	0.7210701	0.7770026	0.79195094	0.87157714	0.791185	0.92786473	0.74767655	0.8183755	0.63155836	0.956625	0.87866515	0.8285081	0.65494204	0.89454305	0.7650416	0.7537849	0.8740436	0.8517287	0.77589345	0.6569818	0.62978923	0.92565495	0.84767354	0.76201636	0.84474	0.0	0.75353914	0.65798223	0.6394053	0.5268842	0.8195284	0.8700073	0.80186045	0.8517959	0.80055845	0.8325181	0.91279423	0.727408	0.6844804	0.9132092	0.859844	0.685067	0.77945703	0.6853711	0.88821507	0.90039796	0.75605816	0.5285603	0.9017835	0.87276924	0.62683487	0.62205625	0.8383111	0.7868427	0.616863	0.79314995	0.76807654	0.7986609	0.8867265	0.7664418	0.6756687	0.6271332	0.7909701	0.8689306	0.6681309	0.75587666	0.8496147	0.7584368	0.83569413	0.81363136	0.74758387	0.87580734	0.90724534	0.76881397	0.86369157	0.772541	0.8227236	0.76037925	0.9001328	0.66052747	0.7184514	0.87368447	0.72222054	0.7948844	0.61183155	0.9018141	0.841799	0.8915303	0.72963905	0.8074533	0.69601387	0.7676625	0.8854792	0.82589376	0.9083878	0.6311058	0.8227083	0.58257735	0.8285396	0.81483275	0.90335375	0.6835872	0.88063675	0.82740355	0.8608683	0.6746499	0.67677224	0.79133797	0.82508135	0.6637003
