	beleef/verb	opdracht/noun	verhouding/noun	rook/noun	speler/noun	wieler_sport/noun	vorm/verb	selecteer/verb	soms/adv	ben/verb	spier_pijn/noun	Hilversums/adj	behoorlijk/adj	heb/verb	dring_binnen/verb	buurt/noun	oppervlak/noun	discipline/noun	provincie_raad_lid/noun	stress/noun	vind/verb	list/noun	golfplaat/noun	smerig/adj	sterk/verb	zwem/verb	gewoon/adj	angst/noun	overigens/adv	pijn/noun	zo/adv	vooral/adv	dag/noun	nauwelijks/adv	oorlog_ervaring/noun	minder/adj	voeg_toe/verb	werkelijk/adv	hitte/noun	meer/adv	hier/adv	systeem/noun	sla/verb	zeg/verb	ga_door/verb	vuiligheid/noun	lucht/noun	laag/adj	duur/adv	jeugd/noun	snel/adj	stank/noun	fiets/noun	stel_uit/verb	alleen/adv	blijkbaar/adj	sociaal/adj	haast/adv	student/noun	verdriet/noun	moet/verb	zeer/adv	jarenlang/adj	buiten/adv	mentaal/adj	week/adj	maar/adv	draai/verb	simpelweg/adv	thuis/adv	kan/verb	eerst/adv	fiets/verb	verlokking/noun	er/adv	vooruitzicht/noun	eigenlijk/adj	wellicht/adv	bezoeker/noun	huid/noun	niet/adv	vervolg/noun	dan/adv	eenmaal/noun	luid/verb	gevormd/adj	verspreid/verb	nog/adv	werk/noun	moreel/adj	waterput/noun	rest/verb	zaak/noun	meestal/adv	wenk/verb	duik_op/verb	slijp/verb	reuk/noun	daar/adv	werk_omstandigheid/noun	overlast/noun	geur/noun	wijs_uit/verb	even/adj	verschrikkelijk/adj	2001/noun	in_activiteit/noun	minstens/adv	teen/noun	kern/noun	schaar/verb	kaas/noun	operatie/noun	inmiddels/adv	beetje/noun	evengoed/adv	weer/noun	betref/verb	makkelijk/adj	verleden/noun	bijna/adv	vrolijk/adj	wel/adv	vaak/adj	zeeman/noun	professioneel/adj	karakter/noun	droog/verb	toch/adv	train/verb	Koreaan/noun	gips/noun	geheel/noun	strijd/noun	rijp/verb	omtrek/noun	katalysator/noun	helemaal/adv	pupil/noun	net/adv	blijk/verb	maand/noun	extern/adj	weer/adv	moeilijk/adj	extreem/adj	beslotenheid/noun	louter/adj	alleen/adj	intussen/adv	anders/adj	monotoon/adj	sprong/noun	echt/adv	verander/verb	fit/adj	voldoende/adj	verkeer/noun	water/noun	amper/adv	daglicht/noun	kind/noun	afloop/noun	leven/noun	langer/adv	bloem/noun	ziel/noun	stilte/noun	week/noun	leeftijd/noun	sloop/adj	concurrentie/noun	toerist/noun	huid_ziekte/noun	val/verb	coach/noun
beleef/verb	0.0	0.83241636	0.8558662	0.9529204	0.85768086	0.6650175	0.93449265	0.9160507	0.634781	0.6744267	0.79597425	0.85472727	0.74105227	0.69201267	0.9401263	0.8770783	0.9539957	0.73700315	0.9648996	0.7789439	0.7665484	0.9247095	0.9039042	0.9155459	0.71495175	0.81896657	0.7873219	0.78108263	0.8255274	0.74500275	0.7922604	0.6912053	0.68762136	0.74913555	0.8443647	0.83267313	0.89783627	0.77299887	0.8731797	0.83481896	0.66221726	0.9731696	0.9247672	0.84477854	0.839058	0.8770027	0.78311026	0.90429354	0.805655	0.53601503	0.88492733	0.9063426	0.76195735	0.83420455	0.7884183	0.6927227	0.89089715	0.68076634	0.9184412	0.7207972	0.86718655	0.81807643	0.84211046	0.849099	0.7841908	0.9116897	0.78841347	0.7710533	0.79102886	0.75222313	0.75468147	0.9107904	0.68781734	0.75340414	0.67518103	0.8233166	0.76600343	0.74079376	0.80584276	0.97502667	0.8268397	0.9072237	0.73827755	0.84807885	0.92977595	0.8395937	0.91287774	0.7625923	0.79069424	0.8494511	0.8959348	0.74200904	0.87399507	0.74745643	0.8410891	0.7536425	0.9106915	0.9553303	0.7070443	0.79471636	0.8559246	0.9064787	0.8502038	0.74773026	0.7272231	0.9478551	0.834671	0.7525442	0.9411479	0.918347	0.96040285	0.9812181	0.86770445	0.91866225	0.7491554	0.67451084	0.79912126	0.78197414	0.7640557	0.8462471	0.6848104	0.7042949	0.78379804	0.6761276	0.8031191	0.74969465	0.786343	0.92194605	0.72079444	0.6346783	0.83964264	0.8438184	0.81323135	0.9095742	0.7240555	0.92900115	0.92635113	0.7348545	0.8248515	0.83125645	0.8151376	0.82294244	0.9610318	0.7279659	0.6256258	0.8303943	0.76697344	0.8196765	0.7576072	0.86159915	0.7449938	0.7720208	0.8706511	0.7365779	0.74488187	0.8274048	0.9182807	0.86843514	0.85787505	0.7390634	0.7720936	0.72494054	0.8137237	0.6976831	0.936024	0.8978114	0.8237815	0.59933704	0.7822509	0.8068787	0.70213306	0.82573676	0.81123334	0.9137631	0.65147746	0.9385288
opdracht/noun	0.83241636	0.0	0.85902923	0.95146644	0.80004925	0.8185059	0.93330866	0.6822726	0.7152579	0.71052665	0.96920985	0.9148236	0.8204055	0.83995897	0.93509424	0.9391969	0.90266275	0.7036258	0.9496969	0.86469746	0.7256495	0.887585	0.94818074	0.94508666	0.88835466	0.9654927	0.9225875	0.90172243	0.8434036	0.91798043	0.63681424	0.87268573	0.83733475	0.92342	0.97413313	0.849178	0.94905317	0.9236004	0.8869862	0.8649564	0.87715995	0.8154453	0.9282992	0.83139014	0.9058814	0.8729575	0.9395087	0.92134	0.7717885	0.85753596	0.9021117	0.89205295	0.87567663	0.92282915	0.83980626	0.7708227	0.8940755	0.7438209	0.8251846	0.84428716	0.86886466	0.78664863	0.93092453	0.9294988	0.6879239	0.92506313	0.8144267	0.92582005	0.81948256	0.8413279	0.7499567	0.90378577	0.9444064	0.86436176	0.83527267	0.7896975	0.90358764	0.79227567	0.8882371	0.8878557	0.85442066	0.9440007	0.7358969	0.9165074	0.8043722	0.85761887	0.8956465	0.8448739	0.72004104	0.7324831	0.8924103	0.8787237	0.7969462	0.83229697	0.77403206	0.9520667	0.90536237	0.93606573	0.8822889	0.74897915	0.97658986	0.9520712	0.85669875	0.75842804	0.88521296	0.91615725	0.9036547	0.92135346	0.97347313	0.8770042	0.876795	0.9510465	0.7839335	0.893412	0.92282224	0.788792	0.86468434	0.86258936	0.7737603	0.9541954	0.94408154	0.85564363	0.8451302	0.78882056	0.8656677	0.78231573	0.7281323	0.9576439	0.8413875	0.86261815	0.89814126	0.9162645	0.89683276	0.8071662	0.96041	0.96664876	0.8455838	0.94856703	0.85761476	0.83617663	0.8550158	0.8815256	0.6691539	0.9199611	0.7953924	0.89520025	0.9796878	0.8268039	0.79394805	0.8439146	0.717396	0.8313743	0.86346155	0.8640892	0.93991566	0.87864554	0.90651864	0.96737826	0.96729827	0.91180956	0.9567383	0.90512526	0.78100616	0.86980426	0.84725857	0.9435408	0.8532282	0.8098669	0.8739122	0.86288357	0.7812925	0.7352443	0.89986134	0.9749728	0.81707406	0.78590804
verhouding/noun	0.8558662	0.85902923	0.0	0.94525	0.9480292	0.796495	0.80433905	0.96278036	0.83893275	0.7732729	0.8833605	0.84391844	0.8132548	0.8297061	0.80753785	0.86968076	0.61040294	0.75928944	0.9852137	0.9373432	0.90515196	0.955485	0.9002207	0.91196245	0.87403214	0.9606001	0.9338284	0.92955625	0.8328838	0.92476034	0.8517063	0.8327844	0.98347056	0.8381216	0.86098665	0.8993407	0.8923729	0.8065307	0.89854145	0.9465351	0.7924744	0.6280498	0.9374162	0.91929144	0.9675764	0.96343356	0.8661102	0.66743135	0.8545228	0.8190633	0.82490414	0.96706265	0.89665323	0.95826393	0.87823796	0.8117329	0.7348736	0.7712758	0.9055901	0.9302433	0.85493493	0.7249115	0.876167	0.9956939	0.78055394	0.8475875	0.9371571	0.81981564	0.8107548	0.9515008	0.8493615	0.8504446	0.89976037	0.9470333	0.8555317	0.9001118	0.8771165	0.8773414	0.9870096	0.6698896	0.8935218	0.97132653	0.90158176	0.8333249	0.9484035	0.5795644	0.71429044	0.93458176	0.8898902	0.80791926	0.9995348	0.9212601	0.74132764	0.81626064	0.95950294	0.9144962	0.8256716	0.91476846	0.9267749	0.80081666	0.88731503	0.907593	0.88749874	0.93891734	0.9638262	0.9303458	0.91197014	0.94245815	0.8651563	0.97623366	0.9711282	0.897783	0.9367277	0.67838037	0.90469706	0.90278363	0.778906	0.7906879	0.86933005	0.8558059	0.7817104	0.8581482	0.837153	0.80271137	0.86841345	0.80251634	0.64196897	0.88901484	0.8628656	0.92315054	0.946406	0.9939723	0.8318845	0.8661676	0.94142085	0.6677132	0.86130905	0.81161517	0.8560983	0.89078516	0.8622732	0.9669166	0.9145367	0.94400126	0.84147775	0.757212	0.9536188	0.7571168	0.84989667	0.8584723	0.8799935	0.8429611	0.8864176	0.8556415	0.71820736	0.9618241	0.90502876	0.9152095	0.797915	0.9055703	0.86839795	0.9501369	0.9578009	0.71100426	0.9588902	0.7112404	0.6502472	0.9279804	0.98605	0.8592318	0.89350843	0.7029855	0.8547175	0.9413495	0.90493536	0.9084954
rook/noun	0.9529204	0.95146644	0.94525	0.0	0.959584	0.98438823	0.91627085	0.96013504	0.70497406	0.81329715	0.8846007	0.8122339	0.7476676	0.9203936	0.49912155	0.69652987	0.6323827	0.92177886	0.97251654	0.7230907	0.8433899	0.8104775	0.7832391	0.42829615	0.96439433	0.77139527	0.8708601	0.7369181	0.93978477	0.8824395	0.852305	0.80596566	0.87046134	0.84289646	0.94037277	0.79658484	0.8763846	0.8944195	0.4494661	0.8739814	0.818028	0.77159566	0.57563764	0.9584193	0.9650851	0.5869831	0.38933295	0.84225565	0.8799735	0.86507285	0.77889496	0.35050136	0.88038146	0.92230815	0.85411674	0.85410714	0.9601709	0.7866909	0.95919895	0.97551984	0.90033084	0.7758421	0.86639977	0.54407907	0.9251284	0.9146279	0.92914	0.8340899	0.7641277	0.9557667	0.8846615	0.85304844	0.829376	0.92498857	0.81823367	0.9228663	0.87605196	0.82590353	0.81325597	0.7106153	0.90831745	0.7543142	0.9067607	0.71113384	0.9774473	0.87941355	0.35044783	0.9385578	0.88971245	0.9693943	0.7845586	0.82629883	0.7845999	0.86639583	0.85178995	0.8061756	0.9071928	0.5743537	0.79443294	0.85946393	0.67302656	0.24196136	0.73742956	0.8556282	0.6004009	0.9781682	0.98477787	0.9642363	0.8396053	0.9447254	0.9799126	0.8036865	0.9745039	0.79150325	0.84121346	0.85177934	0.64424956	0.9165173	0.8509834	0.82644635	0.8801135	0.87542045	0.92689943	0.85686517	0.79191315	0.9554673	0.8282552	0.7245617	0.91599935	0.86415726	0.976732	0.9038679	0.9346646	0.8439411	0.9429139	0.7508374	0.7368524	0.8596508	0.9593061	0.8727471	0.8667264	0.9899097	0.8539912	0.86282873	0.854829	0.6604551	0.9426843	0.8807706	0.8960458	0.8386977	0.92370695	0.86397314	0.8309324	0.7411741	0.8245776	0.89516497	0.88422894	0.8304481	0.5190834	0.88492006	0.8758946	0.9246143	0.91002196	0.9271003	0.9273233	0.70088744	0.87804884	0.7937093	0.9478606	0.97779304	0.8025873	0.9411018	0.88470465	0.9660962	0.8325829	0.9666923
speler/noun	0.85768086	0.80004925	0.9480292	0.959584	0.0	0.7874677	0.76283705	0.38252932	0.8125495	0.6257862	0.8367516	0.9266255	0.67759603	0.8048775	0.97837996	0.97378594	0.93936867	0.6181154	0.9830355	0.80624425	0.86712444	0.93442833	0.9699215	0.96446705	0.71798	0.8182632	0.901332	0.91866976	0.8654196	0.8471865	0.85236174	0.7250448	0.78753495	0.8137459	0.953711	0.81558126	0.80649287	0.9329586	0.8815588	0.7851187	0.84912044	0.8440216	0.9531612	0.6824355	0.9300688	0.9463726	0.94709045	0.91040105	0.8792954	0.7513831	0.8352164	0.96985584	0.9354058	0.90232086	0.84763026	0.7800063	0.86637825	0.74025834	0.7231815	0.9106629	0.74119234	0.7600156	0.8618136	0.9129955	0.53412527	0.8817187	0.8765414	0.91673607	0.89748573	0.89399326	0.7822256	0.77644295	0.8510082	0.9445839	0.76937723	0.8820712	0.9018877	0.61451006	0.8330109	0.9596075	0.7212088	0.9771146	0.7925576	0.76140827	0.8520413	0.84963346	0.97470117	0.7105558	0.7852853	0.7278862	0.95834523	0.79421484	0.8045815	0.8625729	0.87708557	0.93454826	0.8952954	0.9262787	0.8587911	0.6423837	0.92904973	0.9514361	0.82935095	0.82791877	0.8829741	0.94882727	0.6807177	0.85032535	0.8513925	0.4226495	0.9128641	0.8398125	0.8424325	0.91180736	0.8688711	0.8589487	0.88278455	0.8052345	0.8697265	0.9410844	0.8756052	0.8170973	0.80693865	0.81174016	0.8780188	0.6954789	0.7648748	0.8521848	0.72010446	0.4853621	0.67711383	0.81168854	0.9190738	0.8538524	0.81650674	0.91964716	0.80947673	0.69439274	0.5768164	0.83859867	0.7626622	0.7528929	0.7505342	0.707327	0.7299814	0.9248775	0.91828734	0.74728775	0.84275305	0.81763846	0.82712233	0.78471476	0.6919248	0.93098485	0.83210933	0.44068742	0.47194457	0.9035092	0.9580651	0.7691004	0.92621624	0.87183917	0.780783	0.8929057	0.79881597	0.9521211	0.88395256	0.9094536	0.6947354	0.60339016	0.6214352	0.82475203	0.94647855	0.8727299	0.8973459	0.44059646
wieler_sport/noun	0.6650175	0.8185059	0.796495	0.98438823	0.7874677	0.0	0.8638176	0.78371036	0.8100505	0.7205192	0.85158676	0.80946916	0.7862476	0.75373733	0.91495436	0.9414778	0.87372285	0.41496515	0.9869362	0.8673672	0.89930373	0.86174905	0.9934039	0.92642117	0.7199271	0.71149474	0.8314049	0.8912925	0.78883374	0.8924901	0.84362614	0.7302323	0.7997277	0.8180605	0.9614267	0.87085456	0.83171874	0.90545297	0.88347846	0.839302	0.77444667	0.824685	0.92418075	0.92246294	0.89815867	0.98217994	0.9409689	0.96480316	0.7859038	0.6238598	0.8627149	0.95599467	0.7404572	0.9195498	0.76037997	0.8203657	0.84987164	0.7194704	0.8269255	0.85102314	0.8112672	0.7395774	0.8381489	0.93009657	0.62408054	0.8863132	0.8243923	0.80099857	0.7859491	0.8764181	0.80131674	0.93311083	0.6934341	0.95987874	0.8184483	0.87969697	0.7429693	0.9097361	0.95632344	0.95546794	0.7884462	0.9119472	0.8810974	0.9097492	0.9187864	0.7516167	0.96024185	0.88843673	0.7333219	0.58903116	0.9096928	0.87253535	0.73345506	0.8275283	0.9796352	0.9053071	0.9478453	0.86623514	0.8589661	0.8038536	0.923942	0.95844793	0.91945815	0.8798427	0.8888128	0.97738993	0.93259364	0.93959755	0.97236973	0.9573251	0.962836	0.9140104	0.8755964	0.81371534	0.8298212	0.763965	0.8488846	0.6615812	0.87044114	0.8629807	0.89410836	0.7639092	0.8582373	0.757249	0.91824585	0.42361766	0.5580685	0.92406964	0.83104205	0.7325891	0.90510505	0.9415465	0.740293	0.7798172	0.92912114	0.9525928	0.88405395	0.8258587	0.65538347	0.847998	0.9244274	0.9176658	0.8385289	0.8227993	0.7762308	0.8928677	0.8521447	0.6106766	0.6781544	0.8455798	0.8055027	0.7760731	0.8575962	0.84755915	0.69227076	0.8582129	0.815632	0.8970957	0.94971055	0.85681057	0.728237	0.88010454	0.90794504	0.784997	0.80911857	0.9511611	0.83911157	0.8809014	0.8772764	0.75555676	0.7113879	0.85832185	0.9047389	0.97650355	0.8418763	0.798712
vorm/verb	0.93449265	0.93330866	0.80433905	0.91627085	0.76283705	0.8638176	0.0	0.81482047	0.7819791	0.7812584	0.9459008	0.8353139	0.81798345	0.7904501	0.8833093	0.87237525	0.78938574	0.8341843	0.9773691	0.9324995	0.940698	0.9731935	0.75556546	0.77920425	0.863527	0.92423844	0.923138	0.8426489	0.8524097	0.9244782	0.89546037	0.7434664	0.9336768	0.78729856	0.9255909	0.8070023	0.54442775	0.93729436	0.7689205	0.9021328	0.896501	0.80062956	0.9547518	0.9838532	0.9601972	0.84791005	0.7980328	0.8545184	0.6510389	0.87770796	0.8471001	0.87084365	0.9732186	0.8863501	0.81065464	0.81570184	0.7854217	0.6905494	0.8930446	0.90303385	0.8695526	0.6246654	0.80652887	0.8695653	0.76605415	0.74434584	0.93642324	0.8084426	0.86536705	0.9618414	0.8528049	0.8106135	0.9097861	0.90130776	0.9357933	0.88514805	0.9087953	0.7637879	0.96997017	0.65016425	0.8975923	0.870752	0.940163	0.8346813	0.9671159	0.62972885	0.7695736	0.95230097	0.91741383	0.85242313	0.88631594	0.87966686	0.79195905	0.8229092	0.9289867	0.83442694	0.86365765	0.9143359	0.8323569	0.88709503	0.8854424	0.85645574	0.9065129	0.92014605	0.8243539	0.8717232	0.88317275	0.8305638	0.7757543	0.75166804	0.9906317	0.7790872	0.86990714	0.8579114	0.82629716	0.9168677	0.87228113	0.8907723	0.8567968	0.85798323	0.81145525	0.737429	0.9004785	0.78160363	0.9326729	0.7940687	0.67171824	0.74599147	0.89755803	0.8591002	0.80511475	0.8479364	0.6904818	0.75363374	0.9003198	0.746151	0.5894486	0.90224755	0.9091344	0.8407059	0.84131646	0.9586154	0.80829924	0.9107153	0.8580298	0.76489687	0.92177	0.82706356	0.8462572	0.9056193	0.91403204	0.7686187	0.8989401	0.962504	0.7681586	0.79982257	0.75589824	0.8953616	0.7588735	0.87760794	0.88291967	0.8318426	0.82280767	0.8677893	0.88968116	0.7216923	0.8150276	0.91358644	0.9563186	0.89890033	0.82707727	0.845519	0.8405607	0.7396157	0.8694255	0.86211586
selecteer/verb	0.9160507	0.6822726	0.96278036	0.96013504	0.38252932	0.78371036	0.81482047	0.0	0.86136615	0.73607796	0.94974333	0.8419118	0.8016793	0.8167448	0.9405251	0.9783081	0.91983634	0.5606295	0.99262285	0.82079583	0.90111166	0.94708955	0.9809328	0.92415446	0.79529405	0.8749827	0.8983193	0.9405893	0.8507917	0.907873	0.93812937	0.69296813	0.8818956	0.87191975	0.9827996	0.8425213	0.7644265	0.7877482	0.90409976	0.88612384	0.86291313	0.8338668	0.9487247	0.8806001	0.9117188	0.9683124	0.9276672	0.9861691	0.84265065	0.8557881	0.94095725	0.90786874	0.8626882	0.89810574	0.865206	0.7913362	0.8113529	0.7032101	0.6439091	0.9261893	0.78044105	0.7892588	0.9092046	0.93638295	0.6084707	0.9279826	0.8796159	0.88405865	0.8466867	0.81271243	0.8566882	0.8424734	0.888543	0.8943803	0.8743117	0.95333457	0.9071813	0.74696994	0.9516655	0.96625406	0.81322366	0.9484076	0.8713515	0.8364181	0.9213257	0.83451486	0.92033756	0.8372932	0.7567501	0.7051488	0.92336756	0.84208643	0.770477	0.77769303	0.9120924	0.9018853	0.93088484	0.9280987	0.9341589	0.70114005	0.93443954	0.9215923	0.78231746	0.93918025	0.94407535	0.9988066	0.80555034	0.8483131	0.91347176	0.5484991	0.8592285	0.9003962	0.8623518	0.87010974	0.94218004	0.80704606	0.919749	0.76198375	0.8587942	0.9605983	0.8550069	0.9168349	0.8852059	0.7974954	0.9249992	0.57801163	0.7953226	0.9452603	0.88904965	0.6388966	0.8055797	0.79728824	0.92595816	0.8544905	0.804588	0.9345815	0.8078884	0.82032955	0.7369678	0.89477855	0.8328999	0.9205857	0.60451484	0.8011183	0.87289935	0.9351728	0.9293532	0.62912464	0.73136425	0.89155114	0.9484916	0.8252564	0.88545966	0.8686249	0.8835128	0.539328	0.67913514	0.935298	0.96934307	0.7996089	0.9599069	0.8657005	0.7850064	0.9164343	0.73864233	0.9298358	0.9284212	0.92017436	0.81311905	0.6659348	0.71255195	0.81531066	0.926778	0.94716805	0.9492979	0.53929895
soms/adv	0.634781	0.7152579	0.83893275	0.70497406	0.8125495	0.8100505	0.7819791	0.86136615	0.0	0.4758631	0.5297513	0.78624547	0.39966488	0.6193428	0.8522029	0.7149507	0.7951454	0.6902257	0.9524875	0.52666235	0.5820402	0.8899527	0.9307664	0.61575925	0.8380227	0.79242647	0.635579	0.5691904	0.68776596	0.44248015	0.67633176	0.62795395	0.6931358	0.69425595	0.77289575	0.63426375	0.8175785	0.8255557	0.6680926	0.73014975	0.589597	0.7863834	0.7240589	0.78575253	0.73406875	0.811676	0.7031028	0.63446355	0.5121542	0.790744	0.7230612	0.67169917	0.76415	0.88822305	0.7116476	0.65044963	0.8444767	0.5650138	0.83746463	0.58522177	0.73734313	0.56074905	0.7547368	0.72152674	0.62896883	0.80302304	0.6862215	0.63781214	0.8073656	0.68604827	0.61182547	0.8048808	0.6549314	0.85060626	0.6658901	0.78113836	0.66733027	0.6815101	0.810666	0.738182	0.7262673	0.8429512	0.6372869	0.8241117	0.9145246	0.7659975	0.7419206	0.747467	0.5672948	0.7727734	0.9003128	0.7255573	0.79961056	0.46585774	0.86520314	0.6578932	0.8423133	0.73740757	0.6562562	0.6134022	0.7063925	0.7103102	0.8340936	0.59908485	0.4474051	0.955371	0.8457128	0.8284328	0.67228574	0.8940875	0.98030895	0.78690547	0.7888403	0.816859	0.4511547	0.58267003	0.6046053	0.72001106	0.6712276	0.7350804	0.6853825	0.54714173	0.5416072	0.3796336	0.69029975	0.7521118	0.6135253	0.79988277	0.54217565	0.59709305	0.7660782	0.84040236	0.70883393	0.75867057	0.77049136	0.88243955	0.68328637	0.77440363	0.8557067	0.7369164	0.69161034	0.8618553	0.79373384	0.663591	0.52752805	0.54028934	0.8079117	0.7291091	0.6169094	0.76365465	0.5996781	0.526639	0.68246984	0.693979	0.714805	0.79567707	0.7991602	0.8113582	0.73102045	0.78939146	0.7837639	0.6575429	0.6030689	0.63879406	0.81407523	0.74599314	0.7219368	0.62605023	0.8283027	0.7557534	0.56498635	0.70249224	0.7900423	0.7937244	0.7325278	0.899143
ben/verb	0.6744267	0.71052665	0.7732729	0.81329715	0.6257862	0.7205192	0.7812584	0.73607796	0.4758631	0.0	0.68627894	0.82748073	0.5359571	0.5283172	0.8979895	0.875245	0.8339942	0.65807754	0.88338137	0.6890049	0.35528558	0.9544021	0.9446589	0.70340264	0.81889784	0.7954769	0.64150846	0.7979768	0.5771264	0.7344886	0.5786483	0.74224335	0.7975375	0.7335118	0.7135452	0.6991898	0.8537066	0.7416714	0.77673125	0.60435784	0.5484563	0.69137985	0.85102105	0.74135923	0.6711162	0.8466393	0.7941519	0.7425439	0.6741295	0.82004505	0.6787211	0.7402278	0.78706557	0.77569014	0.69209206	0.4586717	0.79584295	0.72294974	0.7826363	0.8458611	0.6299813	0.6018771	0.91003823	0.79148775	0.6008915	0.8962893	0.6312758	0.6058086	0.74774694	0.6330701	0.47636908	0.78958845	0.73118305	0.8017027	0.5486139	0.7803571	0.5776794	0.5430818	0.80989856	0.85041296	0.45428705	0.9094454	0.5710295	0.77416146	0.8358116	0.7711711	0.8325386	0.5837494	0.64610505	0.7139076	0.8937968	0.67523575	0.69692874	0.5991132	0.8483583	0.6244644	0.85442454	0.7665314	0.62633264	0.60023284	0.80083406	0.8158861	0.72016287	0.6943824	0.7076125	0.87297654	0.73358995	0.78646624	0.8337334	0.70753014	0.85833967	0.8734286	0.7934839	0.777419	0.6596259	0.7767029	0.63630533	0.5704832	0.66648895	0.798962	0.74014056	0.7265885	0.4507724	0.5817017	0.8042052	0.6571594	0.6637013	0.8260535	0.42259294	0.5943711	0.7174545	0.81723654	0.8096142	0.78544927	0.7746099	0.88873875	0.6630225	0.4851253	0.84505236	0.63484776	0.38152218	0.8296723	0.74644595	0.6025152	0.5386405	0.7647323	0.8266161	0.7216775	0.5774361	0.7373769	0.5651296	0.67868143	0.79975086	0.66940606	0.5297526	0.5568291	0.56635785	0.7853265	0.83062065	0.8354105	0.79685247	0.7288066	0.7874301	0.6992886	0.7011682	0.9406455	0.8888212	0.8114272	0.8147509	0.66195196	0.66369957	0.67149746	0.7693085	0.8016238	0.6712276	0.8637945
spier_pijn/noun	0.79597425	0.96920985	0.8833605	0.8846007	0.8367516	0.85158676	0.9459008	0.94974333	0.5297513	0.68627894	0.0	0.78503126	0.7623926	0.7296417	0.87592864	0.96550065	0.8369124	0.842449	0.95803595	0.681177	0.6705712	0.72355765	0.9653201	0.82712734	0.8712259	0.8207799	0.8036666	0.67119926	0.7860694	0.4937094	0.77542365	0.85034645	0.7889496	0.7579768	0.6463512	0.7579483	0.93714374	0.93320525	0.76261395	0.84712136	0.7439581	0.92390555	0.85952026	0.6855153	0.9060641	0.9868154	0.93029004	0.7673702	0.801008	0.8156447	0.9076345	0.82796335	0.8729391	0.9350169	0.8548782	0.8660294	0.9428812	0.7991031	0.94031954	0.69737315	0.8374486	0.7615975	0.88081706	0.8844006	0.8150079	0.8150687	0.8249432	0.78338677	0.8971774	0.8262845	0.73422575	0.9178492	0.74091494	0.9662646	0.77005786	0.8428159	0.71075404	0.90717167	0.7922388	0.8875791	0.8708649	0.9171722	0.76913196	0.9011785	0.9508782	0.9540237	0.9287498	0.7513926	0.8885679	0.853116	0.9640249	0.8417768	0.81137174	0.71545184	0.9565345	0.8590745	0.93160355	0.90538424	0.77896506	0.73728794	0.7869072	0.8869432	0.9397427	0.8438324	0.70313114	0.9321887	0.7711283	0.9227927	0.7264459	0.9176943	0.98478764	0.93662053	0.8634341	0.8777292	0.68598473	0.9271717	0.6988564	0.86759883	0.89867604	0.850739	0.8806539	0.85162044	0.76534873	0.70085514	0.9517614	0.91214025	0.8890917	0.90987724	0.6733883	0.68442684	0.8207842	0.8547271	0.8890657	0.9182147	0.93349624	0.98855007	0.84133554	0.89952123	0.8719645	0.9087673	0.7873665	0.8597096	0.94953895	0.7487434	0.7121031	0.7030847	0.91936195	0.9354552	0.8301252	0.84791386	0.8092702	0.66007745	0.8228092	0.934626	0.83565307	0.8025853	0.8391324	0.92694485	0.90069735	0.72875404	0.8119776	0.8241886	0.80072486	0.81465787	0.9436197	0.9232776	0.8147616	0.88135093	0.8252684	0.8789546	0.817071	0.79841167	0.8979907	0.86053	0.83581924	0.82891643
Hilversums/adj	0.85472727	0.9148236	0.84391844	0.8122339	0.9266255	0.80946916	0.8353139	0.8419118	0.78624547	0.82748073	0.78503126	0.0	0.9003574	0.8155364	0.9077134	0.92206883	0.92265433	0.757038	0.97461355	0.8569149	0.8121855	0.8005599	0.93287736	0.8707417	0.9086497	0.84917533	0.8612923	0.8952234	0.8750076	0.82364315	0.8613984	0.8600791	0.882339	0.9238443	0.66902685	0.89028114	0.9308317	0.7943941	0.8761987	0.92614996	0.8055445	0.86260617	0.7945945	0.8974006	0.90695775	0.9281386	0.8902932	0.9510816	0.9075135	0.892903	0.9257819	0.783612	0.9046008	0.97278416	0.9635446	0.95735	0.894303	0.8276877	0.8095301	0.908273	0.91216785	0.92731476	0.9616083	0.8595415	0.8794322	0.88893855	0.917574	0.8030476	0.7942516	0.92835724	0.8872895	0.9139326	0.8625993	0.92289644	0.8078224	0.8243979	0.87901866	0.92250764	0.8310892	0.8447125	0.93310785	0.9582397	0.90308475	0.8318959	0.9860684	0.7844199	0.9038061	0.8949003	0.9307324	0.7763717	0.92730314	0.91590947	0.89503556	0.8434391	0.8936509	0.9063674	0.8700788	0.8748836	0.76914585	0.9073707	0.84672254	0.8215073	0.92358136	0.86070997	0.9112203	0.90548015	0.9122936	0.97104234	0.9401272	0.94937575	0.9302857	0.94785744	0.9536937	0.80887127	0.8802972	0.9322358	0.8394342	0.9522213	0.9049166	0.9131165	0.89192456	0.7472136	0.9325857	0.8301689	0.89378464	0.8916935	0.81776154	0.8808693	0.85753906	0.77556396	0.844787	0.9349118	0.8412458	0.9187299	0.89208865	0.887232	0.87602246	0.9294411	0.66661656	0.9058844	0.9019058	0.8649912	0.9909921	0.8223923	0.9040937	0.9148428	0.891947	0.9410304	0.898508	0.8336791	0.9736331	0.799439	0.8119165	0.9492421	0.7751179	0.915825	0.9627925	0.943282	0.8487526	0.9579386	0.7955211	0.86125606	0.7656662	0.78139687	0.9558657	0.9058497	0.86454153	0.8795298	0.89009744	0.9479011	0.9095787	0.8742851	0.8774493	0.9007382	0.8907772	0.6787298
behoorlijk/adj	0.74105227	0.8204055	0.8132548	0.7476676	0.67759603	0.7862476	0.81798345	0.8016793	0.39966488	0.5359571	0.7623926	0.9003574	0.0	0.64575917	0.8584001	0.6944635	0.8707459	0.6580957	0.82462454	0.6213113	0.7170037	0.8697634	0.95417714	0.7079239	0.8319564	0.7635157	0.6611153	0.70743036	0.76897275	0.5877117	0.7244514	0.5326228	0.6646936	0.5497836	0.92279005	0.6053419	0.8317465	0.8179666	0.7161595	0.81678253	0.6819293	0.7167723	0.7664903	0.8087725	0.8508027	0.83266246	0.75659	0.5681244	0.5937154	0.75989425	0.6668817	0.7342272	0.7756937	0.91468227	0.7101376	0.65734744	0.80006385	0.64433897	0.8887141	0.7602153	0.7082738	0.5216785	0.6592815	0.78029007	0.56066215	0.8502748	0.7510536	0.6760107	0.76815736	0.7798882	0.73987365	0.7996129	0.7273315	0.8283264	0.7081629	0.74885345	0.8017103	0.6176566	0.8617544	0.81943935	0.8017384	0.91105604	0.7450916	0.78143454	0.91998345	0.7969059	0.75649893	0.76261	0.6090439	0.79656816	0.91580987	0.80086315	0.7733984	0.54392886	0.9263184	0.7217574	0.8582393	0.78703487	0.7479615	0.619254	0.7676693	0.8031614	0.7288905	0.7041744	0.5073507	0.87305236	0.88338006	0.8118937	0.64717114	0.7862123	0.9244811	0.7971654	0.7992237	0.83306706	0.490493	0.6893947	0.67424107	0.760458	0.7346263	0.8528443	0.58867323	0.68002045	0.5374093	0.5259906	0.78425425	0.7674351	0.6484189	0.8272488	0.68150675	0.5223857	0.74754095	0.7556602	0.74282545	0.75625324	0.8118455	0.8418861	0.69745994	0.5984744	0.7436723	0.69546986	0.673044	0.7821347	0.8236021	0.63828766	0.5625377	0.5473224	0.9047976	0.7905699	0.73888063	0.7373918	0.7844503	0.6418312	0.67432904	0.76222837	0.7176123	0.65065825	0.6387315	0.79917455	0.74357855	0.65592164	0.76601136	0.76666284	0.6259596	0.7760285	0.8400929	0.880686	0.78263247	0.8362885	0.73666525	0.66216654	0.5423229	0.72780585	0.84728605	0.88970786	0.8729502	0.7368253
heb/verb	0.69201267	0.83995897	0.8297061	0.9203936	0.8048775	0.75373733	0.7904501	0.8167448	0.6193428	0.5283172	0.7296417	0.8155364	0.64575917	0.0	0.9322963	0.9192245	0.9235957	0.7844739	0.88775957	0.7064277	0.6640358	0.91674346	0.9488354	0.85056174	0.70612204	0.87226975	0.73373026	0.6352718	0.7229122	0.61933064	0.7951518	0.6867129	0.8193099	0.69550824	0.64867604	0.7681108	0.90503925	0.80398834	0.9091634	0.79474753	0.7236906	0.8263202	0.8986146	0.8672947	0.7914369	0.8809899	0.9333757	0.8878854	0.8686289	0.78082436	0.87691885	0.8398043	0.880648	0.8561368	0.750375	0.7713547	0.76802546	0.78299916	0.8495323	0.71168125	0.702836	0.717123	0.73920536	0.90391815	0.6806351	0.8360552	0.6946943	0.7291498	0.84511435	0.6468866	0.6542847	0.8650775	0.80713534	0.881017	0.664201	0.864087	0.7903055	0.7674786	0.92290473	0.81925654	0.8031733	0.9173677	0.77008903	0.81276745	0.8180331	0.7487814	0.9021269	0.7345023	0.79478174	0.7512794	0.88803554	0.7966648	0.8620842	0.7432162	0.840539	0.71489656	0.82868975	0.7189435	0.7447256	0.8182996	0.8372531	0.84718865	0.7538725	0.8523811	0.58381426	0.96555525	0.7642714	0.7617493	0.82872546	0.9119425	0.8105295	0.8784371	0.7684705	0.8042103	0.6348486	0.77064025	0.8261345	0.76367354	0.73074377	0.67180145	0.7101799	0.833835	0.61860144	0.63552064	0.81367064	0.78382874	0.8232038	0.9110206	0.7108188	0.6422671	0.7633074	0.8680178	0.87366235	0.7333416	0.7042486	0.87618595	0.8757835	0.73180455	0.81274784	0.8457221	0.6100873	0.8977107	0.7727874	0.7750548	0.68880916	0.7630576	0.71470046	0.7769122	0.78869164	0.8283533	0.6804309	0.75422996	0.8834415	0.8640707	0.6162336	0.76635426	0.76869476	0.9260605	0.95159364	0.78948534	0.7632782	0.66596603	0.71821225	0.810797	0.89241135	0.9384959	0.76128536	0.8288414	0.8390572	0.7983975	0.73316664	0.8250946	0.8968046	0.7794327	0.80603415	0.8366707
dring_binnen/verb	0.9401263	0.93509424	0.80753785	0.49912155	0.97837996	0.91495436	0.8833093	0.9405251	0.8522029	0.8979895	0.87592864	0.9077134	0.8584001	0.9322963	0.0	0.8024481	0.53942764	0.9395463	0.9816928	0.8272246	0.943539	0.5565023	0.8719343	0.6614243	0.9766849	0.896075	0.8943932	0.8777137	0.9766052	0.86904955	0.9140307	0.88877344	0.92881465	0.823377	0.9840781	0.8844541	0.8438246	0.91481656	0.62362427	0.9421879	0.8186377	0.882225	0.70984817	0.99063814	0.95735985	0.77334154	0.56158227	0.84256667	0.9041203	0.9219394	0.8648178	0.64076984	0.84320796	0.86923105	0.834634	0.8993377	0.90004766	0.7086651	0.85456204	0.97600234	0.86695707	0.88926876	0.8401841	0.6076711	0.890033	0.7970394	0.93219304	0.6614574	0.91327363	0.8556762	0.86844784	0.8128997	0.8827865	0.8875389	0.84069383	0.98308563	0.9584873	0.88435686	0.8771165	0.69181883	0.9243219	0.8672478	0.88930714	0.69999397	0.89196026	0.70934737	0.44186997	0.93774855	0.94664305	0.974171	0.8574015	0.8971635	0.8595948	0.84632665	0.92395717	0.8090637	0.78146255	0.716728	0.8574156	0.91890514	0.8259473	0.5773842	0.89403766	0.84930223	0.7344375	0.9086332	0.9851804	0.9018058	0.8472601	0.95928925	0.81425464	0.84364974	0.93601716	0.8208596	0.8689981	0.86454284	0.8167825	0.9161787	0.8478647	0.91779923	0.85264957	0.8548102	0.9560173	0.8909669	0.9100812	0.94510585	0.87174696	0.7661035	0.95925486	0.9301413	0.9568179	0.9588256	0.86044997	0.87807506	0.91203284	0.7868398	0.859904	0.86140907	0.8694165	0.94666207	0.8671258	0.9742343	0.8785594	0.85303646	0.9592126	0.8309909	0.92169434	0.9039857	0.91515195	0.8859797	0.9279467	0.9164214	0.87253416	0.80007833	0.80672586	0.94152474	0.8860429	0.9164615	0.6610135	0.8347572	0.64723074	0.9447166	0.9568965	0.935533	0.962523	0.67208415	0.76512456	0.7562601	0.9658829	0.9355132	0.9481131	0.9097217	0.88148993	0.91993856	0.79070705	0.9233889
buurt/noun	0.8770783	0.9391969	0.86968076	0.69652987	0.97378594	0.9414778	0.87237525	0.9783081	0.7149507	0.875245	0.96550065	0.92206883	0.6944635	0.9192245	0.8024481	0.0	0.9216813	0.9394041	0.99667937	0.8697782	0.79244757	0.9684348	0.7731247	0.6157957	0.9424665	0.777624	0.82533014	0.8743056	0.9644991	0.95490205	0.8855477	0.70083046	0.90071046	0.7404244	0.96298534	0.7137146	0.9075984	0.91963214	0.66164845	0.92164606	0.71898794	0.8953073	0.636692	0.9807403	0.94437605	0.685165	0.6195479	0.8585549	0.7944084	0.78433764	0.78948665	0.46081012	0.78967124	0.9922726	0.7946118	0.8343612	0.7986164	0.8019623	0.76864034	0.821761	0.8608899	0.88050514	0.8092361	0.66488445	0.9352484	0.8725735	0.85443544	0.77066004	0.8345429	0.882948	0.89346284	0.7856938	0.79330957	0.95795333	0.70948553	0.9589319	0.84038734	0.8332119	0.79919237	0.8688406	0.93807137	0.9693402	0.8784656	0.88645434	0.8499056	0.84193647	0.6370788	0.9365794	0.7541924	0.92416424	0.7468651	0.70661074	0.88318294	0.84390885	0.9498324	0.7812745	0.9269392	0.7524677	0.6420812	0.91109854	0.36595994	0.7093895	0.74531925	0.89337796	0.7039689	0.9447598	0.9859579	0.93930787	0.85944575	0.9728767	0.9872358	0.8557553	0.92297226	0.9226631	0.8281784	0.7961495	0.68368554	0.8479842	0.88526464	0.8220379	0.8681091	0.81874245	0.8832401	0.7125045	0.7584397	0.92706376	0.8179318	0.9142631	0.88256234	0.9071559	0.9531979	0.9013469	0.79123926	0.76401705	0.9028355	0.85271883	0.71984977	0.9441644	0.9179816	0.82542294	0.88628525	0.9732134	0.87431186	0.854367	0.94950527	0.73293346	0.9376121	0.8299811	0.8300817	0.79937476	0.87966096	0.90779763	0.95963174	0.80828124	0.85214925	0.982412	0.9111454	0.5077671	0.58442503	0.8751695	0.9495883	0.8364763	0.9381822	0.821915	0.74008155	0.8313415	0.7685508	0.9148528	0.95365334	0.8996755	0.927016	0.91596544	0.5941179	0.96276706	0.8901927	0.96110326
oppervlak/noun	0.9539957	0.90266275	0.61040294	0.6323827	0.93936867	0.87372285	0.78938574	0.91983634	0.7951454	0.8339942	0.8369124	0.92265433	0.8707459	0.9235957	0.53942764	0.9216813	0.0	0.8298041	0.98696136	0.8385282	0.92700195	0.8529097	0.6354611	0.7937736	0.9347195	0.87580746	0.93038297	0.8168559	0.82258457	0.81389743	0.81497955	0.89462656	0.8636337	0.88025016	0.93706006	0.83386195	0.80355394	0.93620217	0.6195016	0.8790121	0.7820884	0.8064195	0.87936676	0.9686873	0.9740882	0.6749815	0.6244577	0.7473753	0.837799	0.8571196	0.7728948	0.7525985	0.8465925	0.86927	0.77845216	0.8082055	0.90192586	0.67901826	0.96090317	0.92901695	0.811123	0.7990312	0.7929203	0.7485038	0.798558	0.64190197	0.91945356	0.7499531	0.9484762	0.89488745	0.82638305	0.83708334	0.85384667	0.91210246	0.8458713	0.8778511	0.89899635	0.8316644	0.89212376	0.5003041	0.87707376	0.866007	0.9043922	0.63799644	0.91374505	0.67808783	0.67392457	0.8527947	0.9321046	0.9066404	0.81956416	0.78701484	0.8582592	0.7560487	0.92123705	0.8209529	0.7580616	0.79881513	0.83373976	0.93289834	0.8555136	0.657364	0.9340219	0.8335146	0.91062605	0.85605985	0.9532087	0.8965732	0.6656822	0.88196677	0.71702206	0.80532664	0.90200675	0.68305254	0.7995608	0.91318613	0.752115	0.8240778	0.80517983	0.8848921	0.814388	0.8022092	0.88504374	0.77612066	0.88495606	0.8787755	0.68698215	0.5613214	0.89328367	0.8717388	0.9360822	0.8365131	0.71144676	0.88766474	0.8857009	0.60562736	0.8322088	0.8507304	0.9387618	0.80647093	0.80387414	0.9438937	0.91787076	0.8412531	0.8924166	0.69544756	0.9686409	0.77829754	0.8265551	0.86869574	0.8813357	0.7828188	0.84701836	0.88565266	0.8221374	0.8922217	0.8885159	0.92814946	0.5340259	0.8263241	0.84478	0.9321642	0.94526553	0.92109823	0.8586256	0.48531365	0.656278	0.81386775	0.9283941	0.90681154	0.8527205	0.8086735	0.79997885	0.8921183	0.71510166	0.97115403
discipline/noun	0.73700315	0.7036258	0.75928944	0.92177886	0.6181154	0.41496515	0.8341843	0.5606295	0.6902257	0.65807754	0.842449	0.757038	0.6580957	0.7844739	0.9395463	0.9394041	0.8298041	0.0	0.98161423	0.77009845	0.81938773	0.93777597	0.99298394	0.89669734	0.6341919	0.6327292	0.81936824	0.89922774	0.8496189	0.79091084	0.8378915	0.58503985	0.76542854	0.861117	0.89404917	0.753412	0.8175883	0.86459136	0.8034212	0.87476856	0.77016795	0.81569344	0.8885001	0.91016275	0.9470199	0.962647	0.90843517	0.8928082	0.7675383	0.59035534	0.8407695	0.92689455	0.70317155	0.90949696	0.84357834	0.6750126	0.8073518	0.63683856	0.7692748	0.90529877	0.78166014	0.64414513	0.77775216	0.9349485	0.4990301	0.8998414	0.86761564	0.7967335	0.7424171	0.918121	0.78775495	0.8682643	0.6053867	0.93120253	0.8337905	0.90545493	0.8072027	0.83986956	0.9126065	0.86760855	0.87021303	0.9286598	0.8786117	0.79175556	0.97260493	0.7291417	0.9716511	0.85971427	0.7794092	0.6107157	0.90857077	0.8411852	0.86702156	0.7613737	0.921191	0.9304739	0.86382073	0.8464049	0.8463098	0.6980099	0.90196294	0.93375653	0.86169934	0.8472264	0.8461648	0.9449182	0.8874285	0.8825214	0.9150578	0.8266561	0.9383768	0.82256514	0.8833056	0.7636805	0.7998685	0.7633292	0.7698608	0.6684093	0.85416484	0.8659902	0.90080357	0.7526955	0.81325084	0.69837373	0.9056319	0.41097075	0.54197204	0.86029005	0.770636	0.601802	0.77723473	0.86669564	0.660119	0.77307737	0.7779608	0.82983756	0.8383234	0.8372674	0.4966942	0.82901484	0.8472781	0.8615001	0.7391485	0.8354684	0.72210336	0.82985216	0.9195017	0.5933317	0.73180443	0.88428336	0.84143764	0.65310156	0.6918237	0.87805676	0.7629756	0.69697464	0.8012406	0.9237658	0.82520896	0.8330851	0.85999954	0.7469039	0.85464907	0.87983733	0.87964255	0.87476546	0.9191505	0.87160265	0.78407705	0.55423224	0.5328269	0.7897927	0.87822884	0.85338545	0.90919685	0.63920677
provincie_raad_lid/noun	0.9648996	0.9496969	0.9852137	0.97251654	0.9830355	0.9869362	0.9773691	0.99262285	0.9524875	0.88338137	0.95803595	0.97461355	0.82462454	0.88775957	0.9816928	0.99667937	0.98696136	0.98161423	0.0	0.96225995	0.81921554	0.9871304	0.9842081	0.94848186	0.88360435	0.98468286	0.93312734	0.9857612	0.8941051	0.9748595	0.97451496	0.9386862	0.92444676	0.9783109	0.9329509	0.93908936	0.9979218	0.9868986	0.984617	0.9704083	0.9600907	0.8513923	0.9285812	0.67728484	0.920951	0.94919044	0.9970173	0.922624	0.94444627	0.9923981	0.977959	0.9717467	0.98372775	0.9430146	0.97169983	0.9408622	0.9507136	0.98331267	0.9753952	0.983216	0.9566022	0.9106525	0.9419854	0.9879627	0.97504526	0.9491312	0.96358985	0.9056057	0.9637816	0.7360451	0.9522593	0.8966838	0.9799054	0.9600811	0.94310606	0.6007192	0.9461755	0.93174297	0.98386055	0.99640334	0.9570028	0.9728966	0.9448722	0.93242764	0.9842552	0.98346215	0.9843903	0.9410526	0.92178607	0.9608305	0.970286	0.97168094	0.9558809	0.9107347	0.8956452	0.9384551	0.95953107	0.9714221	0.96401757	0.9097237	0.96363586	0.9909455	0.9215177	0.9682594	0.94665205	0.55286574	0.97859323	0.9710658	0.96908087	0.97823167	0.9558555	0.9899837	0.98833835	0.93932784	0.97090214	0.94924927	0.90341294	0.9634802	0.9408254	0.7477185	0.93467087	0.9121211	0.88828063	0.90440905	0.957006	0.9853071	0.99599177	0.97133934	0.9341066	0.9324425	0.9891589	0.9519518	0.9536545	0.8514479	0.941288	0.99494225	0.9812758	0.9563345	0.9785938	0.96571994	0.903008	0.95147794	0.9685435	0.94274294	0.9307484	0.9808295	0.9720205	0.9866985	0.9577399	0.7740773	0.9463353	0.967502	0.95697045	0.97776437	0.9138435	0.9646888	0.9328666	0.9949096	0.9897497	0.9786055	0.99301785	0.9255051	0.94827735	0.97686315	0.9709381	0.99886805	0.9924888	0.98627186	0.96326584	0.973247	0.9492962	0.8939916	0.99830395	0.9830047	0.9830012	0.9697184
stress/noun	0.7789439	0.86469746	0.9373432	0.7230907	0.80624425	0.8673672	0.9324995	0.82079583	0.52666235	0.6890049	0.681177	0.8569149	0.6213113	0.7064277	0.8272246	0.8697782	0.8385282	0.77009845	0.96225995	0.0	0.8000007	0.93611145	0.8571443	0.8375341	0.7347029	0.8624826	0.79317564	0.40467596	0.8817621	0.41736418	0.82373667	0.59166086	0.7535421	0.7288481	0.8811976	0.46070844	0.97394186	0.815718	0.5556444	0.81268907	0.7621349	0.82950014	0.6800635	0.92604005	0.8963624	0.70242786	0.84119	0.799585	0.70710784	0.9079372	0.8021688	0.717007	0.7716852	0.8371935	0.77627426	0.6613705	0.71342635	0.6931586	0.76685	0.5372101	0.7794486	0.8049604	0.75107694	0.798383	0.61186826	0.91447365	0.81602037	0.77680933	0.8642016	0.6817777	0.73287123	0.89631194	0.75263083	0.83308506	0.7538444	0.8390351	0.85195583	0.6743006	0.86093366	0.87758124	0.8339432	0.88963217	0.77791184	0.82886183	0.9425105	0.90199673	0.80143994	0.821774	0.5398712	0.73346853	0.8372337	0.7214373	0.95534414	0.7696746	0.950547	0.77131236	0.69759345	0.88305074	0.8430624	0.5960419	0.69287175	0.796598	0.7768128	0.825631	0.61820555	0.9320916	0.869499	0.8485594	0.83966315	0.9026609	0.8099276	0.92134625	0.8498745	0.86309516	0.6681552	0.6844053	0.68907344	0.8698904	0.7408269	0.8390378	0.8187506	0.84461415	0.7910843	0.5505632	0.7581491	0.7873727	0.86815065	0.8948334	0.7557384	0.6736288	0.7746335	0.8835153	0.9283239	0.7200248	0.86878973	0.9520354	0.75536406	0.876479	0.9182152	0.88506204	0.76733536	0.77201104	0.81337285	0.7382393	0.644532	0.5933343	0.83768696	0.7815874	0.7706739	0.86766356	0.8379693	0.6449233	0.7946415	0.8067935	0.8133744	0.73589224	0.7977083	0.67429304	0.86640453	0.7935382	0.9295332	0.61132586	0.8217815	0.71599144	0.8435953	0.91058475	0.7783531	0.7241503	0.7895113	0.77664655	0.46771753	0.80931246	0.8235246	0.8428622	0.9049322	0.874251
