	36-jarige/adj	Amerikaans/adj	Amsterdams/adj	Champions/noun	aan/adj	aandeel_beurs/noun	afgelopen/adj	alles/noun	allicht/adv	autonomie/noun	balans/noun	ben/verb	beurs_fonds/noun	bevolking_groep/noun	bezoeker/noun	bilateraal/adj	blessure/noun	blijk/verb	breuk/noun	cabaretier/noun	consumentenvertrouwen/noun	contact/noun	contract_uur/noun	dak/noun	democratie/noun	dien/verb	doelman/noun	echter/adv	economie/noun	eer/noun	effect_beurs/noun	electrisch/adj	enigszins/adv	enkel_blessure/noun	ere/noun	euvel/noun	eveneens/adv	eventueel/adj	evenwicht/noun	fiets/noun	fonds/noun	fout_DIM/noun	gebied/noun	gebouw/noun	geheel/adj	geleidelijk/adj	geloof/noun	geloofwaardigheid/noun	gemeente/noun	geraakt/adj	geschonden/adj	gezag/noun	gezondheid_probleem/noun	gisteren/adv	gisterenavond/adv	glorie/noun	goed/adj	golfer/noun	griep/noun	griep_aanval/noun	hart_operatie/noun	helemaal/adv	help/verb	help_mee/verb	herneem/verb	iets/adv	ingreep/noun	installatie/noun	intussen/adv	kan/verb	kerk_toren/noun	kiezer/noun	kliniek/noun	knie_operatie/noun	koers_val/noun	kom_terug/verb	kosten/noun	kraan/noun	krachtig/adj	kwetsuur/noun	laat/adj	laat/verb	land/noun	leiding/noun	letsel/noun	lever/noun	lever_in/verb	licht/adj	lies_blessure/noun	lijk/verb	maand/noun	markt/noun	mede/adv	meer/adv	meteen/adv	middag/noun	middenvelder/noun	misstap/noun	moet/verb	mogelijk/adj	momenteel/adj	muur/noun	naai/verb	natuur/noun	nauwelijks/adv	net/adv	niet/adv	nodig/adj	nog/adv	norm/noun	normaal/adj	olie_prijs/noun	onafhankelijkheid/noun	onbemand/adj	onderhoud/verb	onmiddellijk/adj	oorspronkelijk/adj	op_doffer/noun	opening_fase/noun	operatie/noun	opereer/verb	opnieuw/adv	orde/noun	oud/adj	paars_wit/adj	pas/adv	pas_aan/verb	patiënt/noun	patiënte/noun	ploeg/noun	politiek/noun	populatie/noun	probeer/verb	redelijk/adj	reliëf/noun	reputatie/noun	rij_richting/noun	rust/noun	samenleving/noun	sars/noun	schade/noun	schouder_blessure/noun	situatie/noun	slecht/adj	sluit_post/noun	snel/adj	spectaculair/adj	spel_maker/noun	staat/noun	stijl/noun	strand/verb	systeem/noun	termijn/noun	terug/adv	thuis/adv	thuisploeg/noun	tijd/noun	tijdelijk/adj	tijdig/adj	toestand/noun	traditie/noun	trauma/noun	val_partij/noun	vanmiddag/adv	vanochtend/adv	vanzelf/adv	veerkrachtig/adj	veiligheid/noun	verbeter/verb	verbetering/noun	vergeef/verb	vertrouwen/noun	vervolgens/adv	voet_blessure/noun	voldoende/adj	voldoende/adv	volk/noun	volledig/adj	voorlopig/adj	vrijwel/adv	waarschijnlijk/adj	wat/adv	water_kanon/noun	water_kwaliteit/noun	weeg/verb	weer/adv	wegdek/noun	wereld_gemeenschap/noun	wil/verb	winstwaarschuwing/noun	wonderbaarlijk/adj	woning/noun	word/verb	zal/verb	ziekenhuis/noun	ziekte/noun	zodanig/adj	zuiverheid/noun
36-jarige/adj	0.0	0.98195726	0.8868161	0.65780485	0.960649	0.9549368	0.8550551	0.7963051	0.6226964	0.98889595	0.79617363	0.83706295	0.95056814	0.93658835	0.8306015	0.8518876	0.6228617	0.9136946	0.9347998	0.8641698	0.936532	0.7861233	0.8719443	0.9457057	0.98095703	0.8258528	0.5832548	0.7770442	0.896264	0.9215615	0.96966153	0.8899733	0.9336001	0.62039185	0.9487605	0.90874046	0.83032346	0.92465734	0.93713045	0.9450018	0.8237462	0.60466367	0.8907287	0.8625562	0.9299531	0.90711856	0.97800165	0.9492778	0.8589333	0.805387	0.97126234	0.9334236	0.993924	0.85503167	0.7913778	0.9909751	0.7238653	0.9895649	0.75941074	0.8313372	0.7605906	0.95198107	0.9401581	0.95019317	0.7819057	0.92838246	0.9001545	0.92064834	0.87813	0.85973275	0.9378024	0.8859697	0.9238877	0.5940469	0.9291508	0.9224537	0.96826714	0.93831587	0.86110646	0.68538857	0.90048355	0.876539	0.9120994	0.9636926	0.78970504	0.88804555	0.9077845	0.8947144	0.5534264	0.9086409	0.931435	0.9408641	0.959822	0.91295254	0.8893787	0.95544	0.51942706	0.6923778	0.8658788	0.98676366	0.7217158	0.88142544	0.9028406	0.8316312	0.82146716	0.89579844	0.8478147	0.91466415	0.89701724	0.9959873	0.90238214	0.8953741	0.9706056	0.98750293	0.93944144	0.8669098	0.95889044	0.8563864	0.81667113	0.91630477	0.6904745	0.8167587	0.9241723	0.97533697	0.5575013	0.89221746	0.7993736	0.85447705	0.935256	0.6980287	0.9660762	0.9071632	0.9427227	0.89144474	0.9849949	0.90274227	0.99304974	0.69061863	0.9258168	0.9654401	0.9285162	0.7296063	0.9439945	0.84483385	0.78555316	0.8261949	0.8837166	0.5182222	0.8742689	0.9607874	0.6354691	0.87949806	0.9647662	0.76421195	0.9588034	0.7987203	0.9353071	0.9424526	0.8373013	0.88915765	0.94687355	0.9931294	0.91389143	0.97823066	0.97429407	0.96158177	0.98029	0.9023134	0.88088465	0.98826706	0.8028654	0.920933	0.8230307	0.5605424	0.9097806	0.95648456	0.884024	0.9251582	0.92083687	0.91904444	0.9200227	0.9627609	0.9803198	0.95195204	0.9473783	0.9293441	0.9528012	0.97603273	0.9919723	0.923329	0.7826445	0.8370685	0.7825401	0.8821773	0.9362052	0.9625091	0.903074	0.89370805
Amerikaans/adj	0.98195726	0.0	0.51601017	0.9376427	0.9369563	0.6160923	0.6996117	0.98890567	0.9361857	0.8702948	0.94073987	0.8710587	0.6984587	0.8386714	0.98711693	0.8811831	0.96767116	0.7316179	0.84593457	0.9987681	0.4862523	0.9107187	0.9773617	0.98643833	0.53454244	0.7324089	0.9790811	0.9093306	0.5205847	0.9064239	0.7299635	0.9157538	0.8252305	0.9786238	0.9172603	0.96866405	0.6696102	0.9124876	0.867578	0.9982629	0.6590308	0.97030175	0.8502686	0.92773193	0.5924411	0.82057655	0.6382319	0.7120979	0.95582074	0.686242	0.6794721	0.66730446	0.93658286	0.65504915	0.9693204	0.9568371	0.8320416	0.9322497	0.9425869	0.9140879	0.9420645	0.9220495	0.8102452	0.7153994	0.8030435	0.775269	0.8969929	0.8716846	0.78666425	0.9238567	0.9506688	0.7079068	0.9271386	0.97499233	0.6407802	0.92554826	0.904519	0.93168366	0.731359	0.97022593	0.9150692	0.845411	0.65741026	0.90065724	0.9606268	0.9601062	0.7884238	0.8358357	0.98333365	0.7816496	0.6374856	0.5709082	0.69726765	0.9082872	0.93562967	0.9888379	0.9421642	0.961692	0.8120483	0.8773916	0.78653246	0.9994854	0.9259071	0.87754107	0.81412387	0.9381035	0.9438741	0.78170097	0.9656898	0.8064369	0.92642903	0.5436797	0.7941944	0.798194	0.8836432	0.921631	0.79686546	0.97899437	0.97071046	0.83767486	0.82762825	0.74797237	0.9199984	0.78992885	0.9746532	0.95548385	0.8554185	0.92303866	0.92348075	0.9618653	0.5532521	0.97226	0.9044534	0.73541	0.9550757	0.876799	0.9721851	0.97714865	0.6194508	0.87451905	0.81317043	0.9695361	0.99101657	0.53040564	0.91332364	0.8427336	0.871259	0.9754778	0.6545	0.87173295	0.98323214	0.852135	0.80532277	0.95593286	0.87990165	0.9894148	0.90710074	0.8756201	0.8841838	0.8558134	0.8488358	0.920547	0.979359	0.7249495	0.670236	0.865889	0.6292027	0.72473705	0.69670343	0.6728158	0.9106436	0.46615332	0.9578438	0.978392	0.8654852	0.8825272	0.67894685	0.85792696	0.7503859	0.6567873	0.8948217	0.8933823	0.8480236	0.97511	0.6110015	0.7772163	0.82959896	0.7340268	0.8458639	0.5700613	0.8304395	0.95443106	0.9287044	0.7709184	0.9347949	0.9764438	0.61634576	0.8059194
Amsterdams/adj	0.8868161	0.51601017	0.0	0.89427435	0.9374885	0.6253544	0.70686257	0.98562026	0.93273157	0.84893644	0.91696024	0.876434	0.57526374	0.91168445	0.9797363	0.93784696	0.93830514	0.7675333	0.71876115	1.0	0.6889124	0.9429794	0.9218878	0.8787077	0.79922944	0.77307904	0.94160867	0.9013424	0.7289258	0.91072166	0.573753	0.8978128	0.8969468	0.913892	0.87605727	0.9544796	0.4947911	0.97954607	0.7983423	0.9782217	0.5256262	0.98411065	0.7391896	0.92680174	0.5804794	0.81681037	0.763318	0.8101522	0.90720266	0.82425874	0.82592285	0.80017257	0.9602969	0.64130217	0.83851457	0.96318763	0.8327479	0.95914656	0.9056862	0.919195	0.8092034	0.8831606	0.90613	0.82131726	0.86159635	0.83127344	0.89568216	0.9461314	0.71901965	0.9293302	0.93979293	0.8960102	0.8370106	0.88478935	0.66875815	0.9608551	0.9692503	0.9175321	0.78953797	0.89601624	0.8566513	0.8938819	0.8067491	0.91483605	0.84615237	0.94398564	0.7145153	0.85736644	0.9005343	0.8724839	0.67137295	0.7608164	0.7558071	0.9355465	0.68963873	0.9376115	0.89969116	0.95917386	0.6675664	0.91606283	0.7911254	0.8931798	0.9110761	0.842321	0.81697285	0.9361788	0.95685774	0.90917635	0.9650317	0.83238417	0.81016135	0.6227255	0.868575	0.9885489	0.91228485	0.6512347	0.86180073	0.8895936	0.94416326	0.84587103	0.7827491	0.7206743	0.9422807	0.7781298	0.8316252	0.9760684	0.90966624	0.85635054	0.8597431	0.965246	0.74164724	0.7434112	0.9714573	0.82663536	0.9536718	0.94672763	0.9983137	0.93876386	0.71956277	0.8474312	0.7520716	0.9017046	0.97450787	0.7199836	0.8932542	0.837134	0.8395014	0.86331666	0.8724853	0.83334756	0.94112086	0.9941023	0.93747777	0.8944127	0.8889193	0.9461708	0.8254729	0.7377238	0.69999886	0.7759335	0.88815284	0.9544828	0.92307776	0.6902473	0.49879575	0.7575154	0.74551785	0.8760813	0.73709834	0.81968427	0.99703026	0.7060398	0.8467925	0.8837423	0.7861885	0.93000174	0.91571784	0.809377	0.87758684	0.6822289	0.92424	0.9423389	0.9154219	0.98198485	0.70749474	0.7395845	0.98039573	0.8468938	0.8832589	0.59458697	0.90054137	0.8735613	0.8153124	0.89334255	0.8700987	0.89289266	0.73358107	0.8748259
Champions/noun	0.65780485	0.9376427	0.89427435	0.0	0.9892225	0.7464775	0.92000055	0.91551	0.72797465	1.0	0.7595302	0.845436	0.9134363	0.82478297	0.8571247	0.93775433	0.79971725	0.7915387	0.9704675	0.9853057	0.86075824	0.9860876	0.9232852	0.9970412	0.90330046	0.8783588	0.617414	0.8199546	0.8427167	0.94514865	0.8748967	0.98699427	0.7232162	0.70570827	0.9668819	0.8681134	0.90393585	0.90015966	0.73292637	0.9927865	0.9090368	0.7615508	0.9733661	0.9090149	0.94768435	0.84940374	0.88674885	0.9166797	0.94218856	0.8113514	0.7709867	0.91528136	0.97863525	0.9527125	0.77032924	0.95726377	0.6994915	0.9775142	0.8452037	0.7840356	0.8641427	0.7826234	0.98867506	0.98961675	0.8001789	0.82201946	0.9813434	0.94425523	0.8918219	0.8956942	0.98713845	0.7882165	1.0	0.73205304	0.8880501	0.7653121	0.8689137	0.97460765	0.97423613	0.8662699	0.9458962	0.92005104	0.9935804	0.89268583	0.9612974	0.98234516	0.94386077	0.94845384	0.7283449	0.8434654	0.6435082	0.88248944	0.9189197	0.82825935	0.9323482	0.8414042	0.6662617	0.85281396	0.80870676	0.9534172	0.80549324	0.9458067	0.99619853	0.8673216	0.8344637	0.89383984	0.93395394	0.79841936	0.8597857	0.8512341	0.93371993	0.8915123	0.9666412	1.0	0.996633	0.95551443	0.9334178	0.8469951	0.82869345	0.9578404	0.87295675	0.63827443	0.90497154	0.9936193	0.5906576	0.71440136	0.90175444	0.9618035	0.90979296	0.587	0.87610143	0.9093936	0.8722791	0.8235482	0.9379618	0.98638016	0.872374	0.7458309	0.8414048	0.9628145	0.9691968	0.8500215	0.8747692	0.9123128	0.75858516	0.8999902	0.92916274	0.62172866	0.9484512	0.8626705	0.70201194	0.8213092	0.9168267	0.75564075	0.93501616	0.828769	0.5970355	0.96686524	0.8644475	0.90429807	0.92703235	0.9808367	0.9729719	0.89315283	0.99274725	0.8602008	0.9494628	0.9094942	0.84697396	0.95776784	0.96268356	0.8306501	0.9123824	0.7700837	0.83766764	0.82973844	0.91140234	0.7510409	0.6602662	0.9391684	0.92528	0.73137105	1.0	0.9920595	0.861357	0.7688928	0.9209156	0.8726001	0.9562037	0.8571106	0.77373433	0.9244442	0.82355547	0.8178693	0.9886871	0.9782079	0.7457188	0.8660083
aan/adj	0.960649	0.9369563	0.9374885	0.9892225	0.0	0.9284163	0.856208	0.88086224	0.9300635	0.9147826	0.8992112	0.81613696	0.9219105	0.97409016	0.8574547	0.9872572	0.83255357	0.9597546	0.76212335	0.93921494	0.90897274	0.98833096	0.7583776	0.9408825	0.8558245	0.9519312	0.949778	0.7765437	0.83452725	0.9569459	0.76081	0.88975567	0.9042592	0.84468657	0.8672435	0.91845006	0.9106932	0.9635639	0.7060512	0.83302987	0.9224826	0.9298586	0.85414934	0.95325786	0.82146513	0.63602924	0.94920844	0.8520338	0.94622225	0.9326252	0.95280033	0.80919266	0.92487746	0.96301764	0.93017	0.9319316	0.8761359	0.98097146	0.85502076	0.8523282	0.81390226	0.83411336	0.8968112	0.84052736	0.7070842	0.7776626	0.8630433	0.956122	0.89713675	0.9495411	0.97305954	0.9660518	0.94804215	0.8570296	0.8071228	0.8318744	0.9427401	0.92989945	0.8098513	0.8322182	0.8785923	0.8775392	0.84700865	0.8909867	0.8832273	0.9624023	0.9929748	0.74762726	0.8660627	0.8680431	0.9043224	0.8145279	0.92180836	0.9289999	0.9029629	0.43691957	0.8606665	0.93821603	0.8391621	0.9262824	0.7698071	0.94995815	0.9908962	0.9065455	0.87006795	0.9228288	0.89700156	0.87076306	0.811078	0.8792551	0.89949995	0.8017969	0.9182807	0.9332668	0.9538708	0.94365937	0.91862774	0.698442	0.97261614	0.8868563	0.8930701	0.88264513	0.8365985	0.86907804	0.9381516	0.6806687	0.8227561	0.86032593	0.886799	0.93367136	0.89927965	0.74538815	0.9030826	0.8808642	0.9340035	0.9825955	0.89467233	0.8657289	0.935684	0.9652802	0.914633	0.81539476	0.92599237	0.94204813	0.91356313	0.9092315	0.92416376	0.8811295	0.96180487	0.838488	0.96929413	0.74064934	0.8586187	0.8538956	0.86494285	0.7315806	0.9305212	0.88673794	0.9229594	0.8461975	0.90055907	0.87626636	0.91928667	0.581861	0.7025182	0.8805988	0.85988164	0.88379824	0.7468164	0.64447993	0.90312934	0.8665841	0.6919744	0.8100985	0.8781027	0.82714313	0.953921	0.9183688	0.89944756	0.8743532	0.75419533	0.60683954	0.83906436	0.9520542	0.7951577	0.68735075	0.8907122	0.8923395	0.95420253	0.9670157	0.8514701	0.97951436	0.7248227	0.77615494	0.83620167	0.9489591	0.90239155	0.96213126
aandeel_beurs/noun	0.9549368	0.6160923	0.6253544	0.7464775	0.9284163	0.0	0.6021184	0.90178037	0.8424605	0.9295001	0.79340935	0.7423553	0.40577602	0.89624584	0.9461941	0.89680475	0.86464584	0.79933107	0.950756	0.99336785	0.38379812	0.9644248	0.90506136	0.9005043	0.7778017	0.9146662	0.89087236	0.7461089	0.5290048	0.98353994	0.33946854	0.9215203	0.7842558	0.83616036	0.983633	0.8111006	0.6477835	0.92388785	0.87464106	0.9215511	0.4394163	0.93133485	0.940837	0.8769505	0.8321085	0.83949196	0.8593946	0.870973	0.9600431	0.8462522	0.78289104	0.9058545	0.9006206	0.6351828	0.91584677	0.9641677	0.7488347	0.68920064	0.8779064	0.82448745	0.8439976	0.7445075	0.88072354	0.741643	0.8660154	0.72502553	0.88235915	0.9240463	0.8077895	0.86460924	0.91674334	0.7758445	0.97506434	0.81295115	0.41577232	0.8992945	0.9087295	0.9008854	0.83111495	0.89547133	0.75929964	0.87017226	0.85926944	0.9072728	0.92664623	0.87713027	0.74401414	0.8601115	0.8176105	0.7055242	0.7018951	0.47844422	0.6811714	0.79676145	0.8440069	0.92732155	0.9384661	0.9544072	0.7892718	0.89146507	0.7793349	0.9157644	0.9842425	0.90365404	0.7387186	0.88140416	0.8030711	0.8722663	0.6814066	0.9406034	0.78268516	0.46137875	0.93538177	0.84265155	0.88825697	0.87863004	0.98280513	0.8911563	0.800444	0.84903336	0.8724214	0.7276275	0.91366315	0.8763309	0.8745867	0.87470305	0.8902507	0.9074835	0.87122786	0.84469235	0.7175442	0.89057815	0.8940054	0.7623506	0.96557564	0.835098	0.9737942	0.9043275	0.7775034	0.82853353	0.80847996	0.8835541	0.7989707	0.67497516	0.89538705	0.79401433	0.8109994	0.8550648	0.70659876	0.87764066	0.870098	0.85533184	0.7443334	0.88257015	0.84599334	0.8798746	0.72213995	0.86640084	0.8450921	0.71617633	0.9376359	0.9378325	0.8874665	0.77590275	0.57500005	0.8501757	0.70899296	0.8638446	0.73408335	0.7146878	0.9699301	0.75143445	0.9259961	0.8690898	0.80262774	0.81702006	0.8042079	0.8468604	0.88217616	0.80141324	0.81797856	0.7928762	0.92889035	0.78142846	0.7017095	0.7394407	0.83908355	0.7128138	0.90212977	0.39903492	0.8612771	0.89035654	0.89355344	0.7550934	0.96152604	0.9642789	0.80659825	0.9586763
afgelopen/adj	0.8550551	0.6996117	0.70686257	0.92000055	0.856208	0.6021184	0.0	0.95741135	0.83990157	0.96111226	0.85400414	0.8719522	0.6692933	0.92183286	0.97733814	0.9007062	0.85569274	0.8114369	0.96859723	0.99738157	0.45642424	0.9415029	0.9546526	0.98067355	0.92752355	0.937714	0.86070776	0.8486386	0.7152294	0.9893052	0.6715977	0.9829335	0.84069246	0.82879674	0.98382425	0.8807182	0.57329786	0.9702439	0.8792406	0.97581226	0.6563812	0.9503685	0.8916756	0.9644128	0.8278239	0.8380744	0.9764228	0.96492094	0.946802	0.8644175	0.8800323	0.9724539	0.9391295	0.54553616	0.8991314	0.97217506	0.88383496	0.8622893	0.8712704	0.8343934	0.83142185	0.89727515	0.8049411	0.7293817	0.792727	0.7536546	0.80812895	0.9598707	0.76739484	0.88432276	0.9941003	0.9598919	0.9507747	0.7404952	0.48173946	0.83556396	0.8914439	0.946671	0.83865094	0.9126431	0.45266354	0.9203205	0.8786281	0.97768265	0.95355654	0.95100206	0.67117417	0.7717889	0.8313844	0.80845135	0.56374204	0.637887	0.68438154	0.90593255	0.862834	0.95096916	0.8236482	0.9675757	0.7675038	0.8943299	0.72708094	0.9972211	0.9839609	0.8665755	0.65629023	0.80827576	0.9233869	0.7885907	0.72279483	0.96310854	0.8499255	0.46908063	0.9730046	0.96618325	0.92131865	0.91275024	0.9398569	0.9321884	0.8630691	0.7808635	0.8124038	0.66080153	0.9765009	0.8252126	0.8717782	0.6891588	0.91316897	0.8439562	0.8491489	0.92752457	0.92995495	0.78814346	0.9310438	0.8150117	0.9905423	0.9387315	0.9765527	0.9239116	0.9051774	0.9446526	0.91965604	0.8691774	0.81879216	0.7903404	0.9370481	0.7742952	0.74756444	0.8564681	0.9183237	0.9179266	0.98809314	0.89895725	0.74183285	0.80685717	0.8480255	0.9474428	0.6310078	0.8814436	0.8444908	0.77886707	0.96908325	0.9699809	0.90848696	0.76372224	0.5874162	0.8666365	0.8694875	0.87896806	0.7502629	0.7969234	0.96817136	0.86099845	0.93767446	0.7639174	0.8403499	0.8080877	0.96917826	0.87861323	0.8373397	0.7592995	0.79509354	0.86512554	0.97850806	0.8150284	0.7127198	0.69068885	0.9188851	0.9310012	0.926543	0.49199426	0.7906541	0.9633363	0.88066757	0.803871	0.8608447	0.8944755	0.81705487	0.9896631
alles/noun	0.7963051	0.98890567	0.98562026	0.91551	0.88086224	0.90178037	0.95741135	0.0	0.6761121	0.8853802	0.73635125	0.5902153	0.9593859	0.9126504	0.83563256	0.900743	0.8723142	0.8981903	0.90813553	0.9570973	0.96565753	0.8350976	0.9452017	0.9753918	0.8784028	0.7494894	0.9127927	0.7051738	0.8737236	0.9771941	0.92005056	0.93038845	0.7029817	0.8538006	0.91745627	0.6324302	0.96980363	0.7851966	0.7453295	0.89802164	0.916957	0.68833125	0.8676612	0.8721231	0.8785111	0.9167253	0.80714685	0.9111405	0.85543305	0.8626718	0.88633925	0.88018644	0.865144	0.97447073	0.82905567	0.93040335	0.6991665	0.8563688	0.87637854	0.93531114	0.8859264	0.66152525	0.67142344	0.80157655	0.89707184	0.7687258	0.81104475	0.9386059	0.78905606	0.6344179	0.96381	0.698529	0.8826306	0.8454009	0.9089323	0.8064431	0.8503901	0.95284325	0.8768794	0.86328536	0.9138814	0.73454195	0.9166987	0.9814196	0.92808443	0.9154543	0.84793603	0.9644686	0.84793514	0.7251601	0.9429736	0.92620957	0.9074928	0.69563156	0.748187	0.9447702	0.8969725	0.4929092	0.6787887	0.66744006	0.89556843	0.96593595	0.6462717	0.7648911	0.78224134	0.8273673	0.49913877	0.8421561	0.65353346	0.85380435	0.6634379	0.9568497	0.90928435	0.94375247	0.83094764	0.7770828	0.8692782	0.86939496	0.91222095	0.8640332	0.8310578	0.72797567	0.69023216	0.94859433	0.9088858	0.8456732	0.7990995	0.84827685	0.9572219	0.8559338	0.8722929	0.8061514	0.6480509	0.71767366	0.9634231	0.92030275	0.90509665	0.71379006	0.8562757	0.9151061	0.84441733	0.9256643	0.8374099	0.9418369	0.72740483	0.5774082	0.93776476	0.9185063	0.8754093	0.8638797	0.9565814	0.84122413	0.79203	0.68926156	0.80495495	0.8033954	0.74625665	0.93741786	0.7894033	0.8925638	0.8733459	0.93089116	0.88306016	0.8476607	0.95054346	0.67872316	0.7951738	0.7335508	0.82791805	0.8707682	0.52514315	0.89155823	0.7581717	0.8966803	0.77357996	0.8172753	0.7258032	0.87856895	0.7426157	0.8683054	0.8018671	0.68830407	0.8270782	0.8853446	0.88569427	0.60736686	0.93898433	0.7965236	0.7916868	0.91649175	0.8275485	0.8884863	0.7010171	0.6408371	0.9097023	0.8958882	0.88975084	0.7988246
allicht/adv	0.6226964	0.9361857	0.93273157	0.72797465	0.9300635	0.8424605	0.83990157	0.6761121	0.0	0.960977	0.84879065	0.8237574	0.8324984	0.93506014	0.83226776	0.94362843	0.44216007	0.77058655	0.731102	0.9355089	0.86269116	0.971426	0.76530707	0.9174663	0.92459244	0.71566164	0.49841285	0.6116928	0.8611077	0.95177007	0.91775846	0.9519809	0.9001315	0.4766379	0.9726893	0.5944282	0.773839	0.5668287	0.85456944	0.8546447	0.8427393	0.7081308	0.86665833	0.8098242	0.9017137	0.8968977	0.9246245	0.86753154	0.8384675	0.7143979	0.9091028	0.8997241	0.5875511	0.7806604	0.64285123	0.96658295	0.83864975	0.82565707	0.57983136	0.618595	0.6930593	0.8239626	0.7841029	0.8856637	0.6004074	0.8829965	0.7391869	0.9135523	0.82188344	0.5485773	0.8227804	0.78254336	0.7690096	0.60293037	0.83677554	0.5844232	0.72836554	0.9369043	0.9072284	0.55630374	0.79988223	0.6277834	0.9338264	0.86805576	0.7234615	0.6869753	0.7773105	0.59752727	0.4239598	0.78380895	0.79861975	0.7542772	0.75916743	0.652437	0.73508435	0.76737833	0.44923824	0.70879245	0.6156221	0.78199613	0.66428626	0.9129187	0.7175425	0.9568899	0.7278491	0.66150725	0.64004534	0.7085725	0.72494096	0.9791043	0.72558093	0.82506114	0.9249959	0.9273522	0.8222773	0.75360715	0.9314167	0.82847416	0.8762446	0.6899723	0.63271105	0.61137426	0.8519217	0.90295744	0.7383034	0.5945507	0.7882173	0.6766924	0.78228676	0.673367	0.9051201	0.8512636	0.841558	0.81042	0.95158273	0.93983316	0.91493607	0.72139734	0.95124555	0.81733185	0.8186136	0.5580204	0.8999123	0.91503924	0.91431576	0.80025834	0.8591883	0.5798435	0.9188687	0.8913875	0.8382734	0.8586859	0.80627525	0.5317963	0.81093735	0.8145716	0.78606915	0.85519445	0.64301723	0.87097204	0.95040077	0.8862645	0.6401012	0.7090066	0.92487496	0.7731427	0.8658524	0.8165505	0.8658846	0.9232067	0.71073717	0.8530288	0.77978987	0.43788862	0.572981	0.81357104	0.8528331	0.751778	0.78098744	0.93470913	0.4829657	0.79623353	0.9698636	0.9294997	0.8307762	0.7093214	0.8959755	0.94432753	0.8969853	0.7361468	0.7996981	0.87152475	0.65568775	0.6585311	0.66249883	0.6296474	0.79536116	0.95014566
autonomie/noun	0.98889595	0.8702948	0.84893644	1.0	0.9147826	0.9295001	0.96111226	0.8853802	0.960977	0.0	0.7756171	0.84846556	0.85620475	0.5256882	0.89228415	0.8682027	0.97271794	0.87702245	0.9203445	0.9933158	0.97160673	0.87136364	0.99078417	0.94234085	0.59597725	0.74082106	0.9704144	0.86388624	0.85871595	0.9019673	0.8207385	0.94866717	0.9184711	0.95880884	0.905861	0.89732337	0.8630723	0.8592987	0.7289225	0.97445214	0.8411063	0.9792618	0.5509484	0.8585654	0.82000494	0.7860971	0.58395576	0.63324374	0.6329627	0.92267084	0.8852288	0.58844256	0.8930351	0.944057	0.79697275	0.8733224	0.8770634	0.98799616	0.9631744	0.8641989	0.8506671	0.9639888	0.77094626	0.81807446	0.91038907	0.9369022	0.85291725	0.912932	0.92629975	0.88732994	0.955295	0.8339147	0.84329057	0.9063729	0.9453818	0.94009507	0.8109141	0.95224833	0.8277143	0.9564483	0.9719943	0.8952479	0.6635193	0.9329948	0.92968893	0.8778347	0.65751916	0.9545536	0.9499881	0.8882477	0.9694809	0.85570925	0.8912418	0.89903474	0.8816262	0.93562293	0.98456573	0.9378628	0.70108086	0.8120799	0.90518886	0.960891	0.9792389	0.8115673	0.8550154	0.9475568	0.8948673	0.8496655	0.9219465	0.8151897	0.84497386	0.913702	0.25099987	0.9438518	0.8449271	0.7666521	0.6814592	0.89021325	0.9335289	0.8289541	0.76187766	0.84458494	0.8345204	0.8652499	0.8666579	0.9389812	0.8909395	0.7898659	0.9913875	0.8945438	0.68811333	0.81166697	0.8781311	0.77207774	0.93026996	0.846429	0.90779454	0.86842084	0.71865505	0.8418527	0.90164477	0.95991766	0.86689997	0.9104544	0.93084705	0.8724153	0.9345585	0.9289411	0.5839213	0.964462	0.98594457	0.8126781	0.7627992	0.8685746	0.9173342	0.9041506	0.92690766	0.8087378	0.83105403	0.8291923	0.78722733	0.8141162	0.9710785	0.8981292	0.8407808	0.7929901	0.9136005	0.75933915	0.8263769	0.87106	0.9209551	0.76216614	0.8506989	0.9679064	0.8059467	0.9889783	0.54379815	0.5848118	0.9220663	0.738624	0.9037154	0.88796294	0.9828149	0.9151907	0.911967	0.82569695	0.8795652	0.8655299	0.6688103	0.91557163	0.93554425	0.8533338	0.8683214	0.764257	0.8940159	0.8780526	0.76953346	0.58029526
balans/noun	0.79617363	0.94073987	0.91696024	0.7595302	0.8992112	0.79340935	0.85400414	0.73635125	0.84879065	0.7756171	0.0	0.69367766	0.9273305	0.56394064	0.75271416	0.8028904	0.8240253	0.77661085	0.87056816	0.89545274	0.78192747	0.8658279	0.9441272	0.93160945	0.8269708	0.77349925	0.851404	0.69393814	0.6600586	0.9331403	0.84636915	0.9103755	0.6090406	0.79958117	0.86461616	0.80404437	0.84737575	0.9325198	0.41472518	0.9318227	0.7992011	0.89214754	0.83615506	0.89075714	0.7995652	0.69633174	0.78375316	0.89001286	0.9180224	0.72851074	0.9200713	0.87395746	0.9154818	0.9165718	0.8036308	0.9706844	0.56331575	0.90401906	0.8992215	0.8696355	0.92977756	0.8224762	0.8309431	0.78378594	0.9111418	0.7926205	0.84684634	0.88503385	0.80440706	0.7422037	0.98207754	0.89364827	0.9395984	0.87883407	0.9583624	0.9500993	0.7662979	0.8541692	0.82317036	0.78452134	0.85176873	0.83792496	0.8798317	0.8962729	0.87734604	0.7812779	0.9643481	0.7623479	0.8465602	0.57592976	0.9213753	0.7839692	0.93099695	0.8440301	0.9142952	0.90421444	0.91199696	0.85181177	0.7390684	0.85986876	0.8217257	0.96939737	0.9659336	0.477638	0.7241701	0.82219404	0.77196074	0.81675494	0.5970968	0.7808287	0.78819174	0.7855115	0.8770774	0.90057635	0.8456742	0.90457535	0.8236003	0.78139275	0.8510073	0.93635595	0.8747648	0.6606635	0.6409927	0.9047389	0.63696706	0.7915716	0.7524695	0.87603605	0.9483831	0.5615553	0.83306056	0.73174584	0.6908431	0.5461054	0.84638935	0.79969656	0.9267578	0.5380403	0.66304	0.88850963	0.8432873	0.87687576	0.73748714	0.8772977	0.7846277	0.69074	0.80587345	0.76937735	0.7867308	0.8845441	0.86220366	0.7090274	0.64506835	0.72465146	0.88727826	0.6696454	0.71566266	0.9042637	0.8615632	0.7511682	0.77011263	0.9523895	0.86498356	0.90023375	0.90657526	0.68513346	0.85685664	0.663119	0.7479538	0.84113234	0.9592496	0.8582395	0.8985717	0.85926074	0.7584179	0.82645077	0.8215376	0.8253474	0.7042082	0.7421863	0.8880376	0.71792173	0.9107504	0.69664514	0.7420009	0.70258456	0.8414185	0.80483204	0.8401331	0.9128766	0.64124346	0.8904061	0.8273369	0.8154699	0.9583551	0.9391066	0.6166843	0.604061
ben/verb	0.83706295	0.8710587	0.876434	0.845436	0.81613696	0.7423553	0.8719522	0.5902153	0.8237574	0.84846556	0.69367766	0.0	0.7271847	0.71915495	0.93022907	0.83246076	0.77874684	0.48200017	0.84464574	0.76961845	0.8006763	0.8941495	0.9066281	0.92411447	0.75457466	0.71654236	0.89607793	0.56834006	0.6497958	0.9661288	0.8959204	0.8933323	0.75992405	0.709491	0.883534	0.7180114	0.84514475	0.83631873	0.77300006	0.85225374	0.72215074	0.73770213	0.78740096	0.8141844	0.760626	0.6449243	0.8526165	0.83739656	0.902785	0.8979141	0.7891893	0.7613543	0.7725697	0.95138425	0.88601995	0.8864801	0.71308374	0.8161927	0.78495836	0.69752896	0.73381114	0.6197917	0.82262	0.8567235	0.7904012	0.59244823	0.63039804	0.8642447	0.700095	0.6636672	0.95955557	0.77704895	0.86993366	0.7115045	0.8711128	0.8317752	0.7382157	0.81176203	0.65275663	0.7515038	0.8784262	0.92327535	0.82868886	0.87450045	0.8116745	0.79233426	0.94552684	0.727471	0.72484505	0.37461197	0.77278906	0.7557888	0.727013	0.7311332	0.8048204	0.8791989	0.854265	0.69477856	0.7224733	0.73409194	0.7073975	0.9468704	0.9536047	0.7914015	0.7025158	0.85953915	0.4652806	0.83304214	0.49210376	0.86472523	0.535831	0.78447807	0.8710445	0.9053783	0.8197895	0.84210163	0.8857741	0.8663567	0.78214836	0.6802286	0.76252294	0.78685033	0.7140851	0.88838863	0.7215576	0.7695942	0.66982526	0.71834236	0.8663537	0.7477396	0.88610494	0.5258912	0.72538304	0.6273701	0.8404915	0.8082162	0.7481028	0.7654075	0.7893145	0.8199809	0.8612941	0.7459521	0.67543566	0.7938868	0.75789475	0.5644388	0.6935805	0.83167017	0.74218667	0.7846489	0.9400636	0.71151364	0.5878358	0.8117727	0.86718625	0.85752636	0.5147307	0.70848715	0.65503144	0.7222557	0.81845385	0.88187087	0.8502942	0.816623	0.8675268	0.7111793	0.8861502	0.708263	0.7218329	0.7308177	0.7822521	0.7600733	0.9354149	0.80083483	0.7496103	0.8232564	0.8000672	0.84593374	0.7158352	0.74102974	0.81781757	0.69779205	0.8512927	0.552125	0.7786821	0.68992674	0.7417232	0.844651	0.85020185	0.8503915	0.8109979	0.84024614	0.71934664	0.54010254	0.8976233	0.8392562	0.7577328	0.85414416
beurs_fonds/noun	0.95056814	0.6984587	0.57526374	0.9134363	0.9219105	0.40577602	0.6692933	0.9593859	0.8324984	0.85620475	0.9273305	0.7271847	0.0	0.93628883	0.9635249	0.86655414	0.8750436	0.8154807	0.8591342	0.97909135	0.63575894	0.96584004	0.7388638	0.96196467	0.8931665	0.7981707	0.8881303	0.78157014	0.76496744	0.98745584	0.39558733	0.98072296	0.9376009	0.78876424	0.96425736	0.74785304	0.5188301	0.88234943	0.94353664	0.94888103	0.3070032	0.92326915	0.8313006	0.902115	0.8121853	0.90289176	0.9723649	0.90486646	0.90828884	0.8669899	0.8927198	0.79739416	0.84338665	0.42987812	0.8914703	0.9688189	0.90310454	0.7768367	0.8369514	0.86025405	0.7409853	0.9000578	0.9222827	0.7379925	0.95441234	0.798463	0.7046408	0.9256102	0.7945729	0.8328728	0.96803147	0.907421	0.8567204	0.8915779	0.41546977	0.96746457	0.8831214	0.9478607	0.79326916	0.85316503	0.83164257	0.72290975	0.9037321	0.88455284	0.8389076	0.81409854	0.5774294	0.89993423	0.7549217	0.8387099	0.6270851	0.42085677	0.7424989	0.9307933	0.6396612	0.8722995	0.77051485	0.93434274	0.5698412	0.84493124	0.8336829	0.9859134	0.90538365	0.9633184	0.8678152	0.8254558	0.80947125	0.9304854	0.7977192	0.9624838	0.8925282	0.5689038	0.8774709	0.85719085	0.9095519	0.6416966	0.9519133	0.8504316	0.8663554	0.7647426	0.8859453	0.6434611	0.92185706	0.9819274	0.7997681	0.86008364	0.9183854	0.81799614	0.95828086	0.90433574	0.90380955	0.80605286	0.9322885	0.81474406	0.9690915	0.90708125	0.87645227	0.95840305	0.8879103	0.9584036	0.8927228	0.78666365	0.81708276	0.7804029	0.89121306	0.8793011	0.8673372	0.8256244	0.8043871	0.8479589	0.94921994	0.85363466	0.8829669	0.91738683	0.93998015	0.91729164	0.78410345	0.8042908	0.68973136	0.7780775	0.9356967	0.977358	0.86785674	0.67758167	0.40598226	0.9564729	0.90409595	0.89192253	0.8779853	0.83731383	0.9966488	0.88641864	0.87008506	0.75890017	0.86588943	0.9608367	0.8830308	0.88375694	0.82792413	0.8175453	0.7673592	0.84747255	0.93402314	0.78589153	0.78156626	0.81590426	0.8424881	0.8354844	0.885374	0.4435959	0.8942974	0.8907634	0.74200237	0.74807024	0.82046896	0.96591693	0.8376328	0.97964954
bevolking_groep/noun	0.93658835	0.8386714	0.91168445	0.82478297	0.97409016	0.89624584	0.92183286	0.9126504	0.93506014	0.5256882	0.56394064	0.71915495	0.93628883	0.0	0.8832988	0.65466225	0.8916848	0.8098406	0.8435533	0.79948694	0.8646822	0.82765067	0.99934435	0.9709881	0.57193553	0.6556417	0.9631042	0.7891058	0.69034266	0.95234483	0.90836453	0.9484157	0.7599863	0.90547335	0.85734564	0.8819897	0.90528244	0.8979562	0.60502887	0.95704126	0.9431991	0.9099268	0.64506423	0.848809	0.6930263	0.7309	0.63734144	0.8235477	0.7468008	0.7789892	0.77268034	0.65905476	0.93761235	0.97583455	0.80512047	0.8237176	0.73572135	0.97451574	0.9211234	0.9234188	0.94874316	0.90444267	0.8136686	0.84487605	0.8898361	0.90470445	0.92374384	0.9587176	0.82208914	0.796311	0.94188875	0.6721783	0.923761	0.9458235	0.9918866	0.8991785	0.8645211	0.91317487	0.84452546	0.8627516	0.9669391	0.96398944	0.74953765	0.9321275	0.88716173	0.8236848	0.85733277	0.90724444	0.9388603	0.77741116	0.9603108	0.82534146	0.856541	0.8508088	0.9579955	0.9750182	0.98909706	0.90692335	0.78890115	0.7791854	0.88445294	0.9325539	0.96883214	0.63598573	0.66282934	0.9318648	0.8640029	0.83758646	0.83412516	0.7938777	0.7830764	0.9488381	0.5579303	0.9864054	0.7251272	0.9032848	0.7818048	0.85433316	0.93604183	0.8859918	0.81653774	0.742506	0.8239734	0.9141924	0.76387125	0.9173261	0.73837435	0.7485703	0.92647475	0.7440363	0.6705837	0.620627	0.7115096	0.6108545	0.7330668	0.8581338	0.88000834	0.82738125	0.50620687	0.8623993	0.90803957	0.93598413	0.74578977	0.8946026	0.96239215	0.82828367	0.9190266	0.9181681	0.5553324	0.81870806	0.9603742	0.75174314	0.7648087	0.76632345	0.9771508	0.82952	0.8509768	0.8958288	0.89806247	0.7366028	0.7050096	0.79642344	0.8562518	0.96099913	0.9552164	0.7839947	0.7749144	0.66606534	0.7312858	0.92282504	0.8839912	0.7462294	0.8669644	0.92822355	0.83260226	0.8941584	0.6393447	0.66720337	0.8511888	0.6874115	0.9313425	0.85764927	0.9415464	0.7467409	0.92062926	0.7995781	0.8551782	0.7048565	0.73050684	0.9842856	0.87401086	0.8729516	0.8472611	0.79358906	0.9352899	0.9155906	0.6097448	0.6121799
bezoeker/noun	0.8306015	0.98711693	0.9797363	0.8571247	0.8574547	0.9461941	0.97733814	0.83563256	0.83226776	0.89228415	0.75271416	0.93022907	0.9635249	0.8832988	0.0	0.95348144	0.7507857	0.9051268	0.9690753	0.8696602	0.9747614	0.92214	0.6924902	0.9255949	0.9377076	0.78743726	0.47040987	0.6034565	0.8841355	0.8683501	0.89967346	0.93621886	0.634216	0.7233933	0.98182195	0.7801449	0.9562405	0.9322696	0.5596261	0.9444504	0.9702758	0.5202037	0.9241719	0.9270374	0.96388507	0.7596138	0.9789303	0.94816524	0.9342629	0.8489307	0.86426836	0.9644159	0.9012996	0.9430044	0.8716912	0.8139038	0.68874335	0.9675727	0.906329	0.9559309	0.8792441	0.78455454	0.8407237	0.82014906	0.71345615	0.8713716	0.85926527	0.90844613	0.88847387	0.7482929	0.92149776	0.9616053	0.87414956	0.77486503	0.9331192	0.54080856	0.8539159	0.87556434	0.92044395	0.7261679	0.73449653	0.515898	0.9306081	0.8402364	0.9048062	0.84037685	0.94960165	0.8509184	0.7714422	0.71569693	0.94691515	0.914555	0.9756786	0.71721053	0.56302524	0.81205237	0.7423589	0.7969742	0.7932831	0.8791263	0.9515373	0.92246675	0.89481026	0.7278746	0.74434	0.5008205	0.8575579	0.7405	0.66246235	0.9081717	0.8921024	0.9619123	0.9719938	0.92189026	0.9270865	0.7870325	0.9411295	0.2558636	0.5093235	0.910157	0.8610764	0.5908749	0.5937964	0.9136089	0.53151035	0.61253124	0.8963942	0.8882319	0.9912402	0.48612487	0.97278976	0.8451205	0.70168906	0.7955551	0.916744	0.86035883	0.9846922	0.32553256	0.8937903	0.91701233	0.89118683	0.7821529	0.89264244	0.94535786	0.79317963	0.72819483	0.8767723	0.5767672	0.95079345	0.94666404	0.54750973	0.85354066	0.88967717	0.71205616	0.87365025	0.24525738	0.86482036	0.87220705	0.80453837	0.9186434	0.9224996	0.92721665	0.8982893	0.8647344	0.90689063	0.7836609	0.87284535	0.7762391	0.82284087	0.84941155	0.9294232	0.8349741	0.7685947	0.7545861	0.80134356	0.9405585	0.9342951	0.796455	0.84667915	0.84960186	0.8964921	0.76220644	0.9791416	0.9215195	0.9258766	0.6696645	0.9838531	0.9403882	0.933621	0.9827196	0.8369049	0.97260606	0.84266186	0.8440645	0.9044118	0.8994933	0.8734033	0.83760583
bilateraal/adj	0.8518876	0.8811831	0.93784696	0.93775433	0.9872572	0.89680475	0.9007062	0.900743	0.94362843	0.8682027	0.8028904	0.83246076	0.86655414	0.65466225	0.95348144	0.0	0.9547291	0.9040216	0.9181844	0.9798019	0.83695304	0.5558582	0.94285434	0.8937931	0.7525905	0.6928755	0.9760979	0.86334	0.73132575	0.96835023	0.9536222	0.84194624	0.77352166	0.94436413	0.9453496	0.8704901	0.77776384	0.7487831	0.93233055	0.9257237	0.9308224	0.9163805	0.7258652	0.7052742	0.81981987	0.7286433	0.9365213	0.82193285	0.7067148	0.9316521	0.8671507	0.82998174	0.8911243	0.9566332	0.9271031	0.97277176	0.6243882	0.928113	0.9879618	0.8989454	0.90718096	0.93772715	0.7628175	0.77287203	0.9136849	0.87116766	0.81830263	0.749418	0.64974177	0.7219988	0.87663525	0.8099568	0.8823393	0.94530094	0.94405466	0.9835654	0.7722292	0.9544233	0.87918085	0.9451232	0.9710033	0.9028849	0.79990095	0.85145324	0.8905506	0.84400654	0.9641076	0.8299703	0.93172	0.9372936	0.9637997	0.80008733	0.84559584	0.7277584	0.8754369	0.9741214	0.9392227	0.8617376	0.73048437	0.6813077	0.81461585	0.96776795	0.8291678	0.695822	0.5250266	0.9702546	0.905559	0.8269763	0.7702062	0.86132145	0.8128282	0.9507563	0.77186555	0.9183312	0.58508843	0.7269984	0.8678125	0.9216056	0.9454259	0.90027565	0.8775386	0.8094158	0.86216825	0.961655	0.8587649	0.9265152	0.8169714	0.74285066	0.9470901	0.9032754	0.9159509	0.8032919	0.6975938	0.8169517	0.90937877	0.87141216	0.84131205	0.90753734	0.6731329	0.9105097	0.8843629	0.9297715	0.5812709	0.7938405	0.90612936	0.70198876	0.81355923	0.9438775	0.7721567	0.8519896	0.9796062	0.7095013	0.68320876	0.9195785	0.97625816	0.9173436	0.864107	0.7862101	0.8167167	0.73342705	0.86324394	0.93849754	0.87112164	0.8716757	0.9456882	0.85478723	0.95760846	0.68989265	0.78928494	0.86221296	0.96589327	0.9206817	0.89360696	0.9265336	0.84147143	0.9454998	0.80829	0.8632487	0.88451266	0.7731223	0.91185004	0.87964356	0.93040854	0.7117353	0.9508992	0.90899557	0.6137794	0.7684992	0.77597904	0.95011765	0.8231775	0.64948285	0.702966	0.70436	0.9251603	0.96045023	0.6954413	0.82317877
blessure/noun	0.6228617	0.96767116	0.93830514	0.79971725	0.83255357	0.86464584	0.85569274	0.8723142	0.44216007	0.97271794	0.8240253	0.77874684	0.8750436	0.8916848	0.7507857	0.9547291	0.0	0.7842587	0.5857979	0.7914097	0.8359771	0.9721808	0.52499235	0.943114	0.97750986	0.8468416	0.53435206	0.64700186	0.908443	0.96865594	0.84408605	0.8710647	0.88765806	0.21593428	0.94751453	0.71200454	0.6679552	0.6559131	0.79403865	0.70696074	0.8621846	0.6853738	0.93055755	0.9009895	0.9295268	0.89763916	0.9614071	0.95457995	0.93297726	0.7924354	0.94908303	0.93990856	0.5788518	0.7967254	0.65562093	0.9153513	0.8626142	0.923673	0.44097555	0.380125	0.6176871	0.85556453	0.8676524	0.94181263	0.59363663	0.821889	0.8028512	0.96123356	0.8512634	0.73982155	0.9534048	0.9260506	0.8797784	0.54826987	0.875597	0.6009339	0.83120203	0.93060863	0.8586258	0.12673718	0.6770635	0.7945237	0.981176	0.8621472	0.42169356	0.6843568	0.8992822	0.62311864	0.2985298	0.75492334	0.869429	0.9164671	0.6987466	0.69086814	0.8663126	0.7231903	0.49542832	0.78905785	0.83203006	0.82736456	0.76421016	0.90107703	0.79981154	0.91685426	0.75032896	0.5341186	0.76330703	0.8508179	0.68844247	0.9869489	0.7985792	0.825118	0.94270426	0.9086803	0.93446064	0.91100156	0.9531288	0.7795797	0.8360474	0.7617649	0.68067646	0.7507045	0.87071174	0.9123682	0.7251897	0.64558053	0.80440915	0.7106172	0.8189268	0.657163	0.94733727	0.82269585	0.9091942	0.90706104	0.9112428	0.95808005	0.9513163	0.64162856	0.96356076	0.70100456	0.7157315	0.2312364	0.9135851	0.91210884	0.8174155	0.80658287	0.7292882	0.49944907	0.9486852	0.8522755	0.71289384	0.8681443	0.90208966	0.6477909	0.8583288	0.64921904	0.8613292	0.8177424	0.6380005	0.9120854	0.9364341	0.7997472	0.5396972	0.80072546	0.8371689	0.76841724	0.7128436	0.90658104	0.89086837	0.85500133	0.8634668	0.85265994	0.86739904	0.3242849	0.6451453	0.90003675	0.97879136	0.84477663	0.84581035	0.85876215	0.6870307	0.7987316	0.91416097	0.8669153	0.70828027	0.77387655	0.81363726	0.9617926	0.934015	0.88041115	0.79919493	0.9005486	0.7717919	0.7918761	0.6650109	0.52183753	0.85863066	0.9584195
blijk/verb	0.9136946	0.7316179	0.7675333	0.7915387	0.9597546	0.79933107	0.8114369	0.8981903	0.77058655	0.87702245	0.77661085	0.48200017	0.8154807	0.8098406	0.9051268	0.9040216	0.7842587	0.0	0.79178154	0.9593807	0.68519306	0.8729462	0.9543068	0.9445491	0.8806908	0.8562681	0.87031233	0.553157	0.60318726	0.9533254	0.9115003	0.92843795	0.850472	0.671356	0.985393	0.78304684	0.749701	0.7560507	0.7877846	0.9012572	0.8371725	0.8324047	0.8219702	0.9427823	0.8068669	0.86865366	0.9183906	0.86422646	0.934585	0.88145167	0.7472194	0.85515696	0.7532686	0.8424878	0.7985084	0.99743056	0.8539907	0.85342133	0.72497624	0.74084747	0.74778455	0.8165761	0.75709236	0.93667895	0.79790485	0.6940024	0.6492444	0.93642056	0.64300597	0.7333474	0.97138035	0.80556464	0.77199346	0.77686834	0.9235579	0.65075946	0.73335564	0.8898646	0.68795556	0.721002	0.8996097	0.9008821	0.83654094	0.88832235	0.68241584	0.7344159	0.9263795	0.63676083	0.70606214	0.5008067	0.60358	0.7816994	0.73757267	0.81709385	0.8453475	0.8180109	0.91495746	0.83332825	0.7644913	0.62269133	0.8773388	0.98458165	0.9541213	0.8339267	0.73115516	0.9179344	0.646796	0.7944805	0.70062214	0.95768535	0.7046927	0.7071146	0.9253843	0.9206232	0.91073185	0.8545104	0.8946687	0.8132727	0.9259031	0.6380493	0.6800393	0.7720364	0.86777174	0.859815	0.78455925	0.7603396	0.81027615	0.6031667	0.69641256	0.82501686	0.8800664	0.69522053	0.78477573	0.6902058	0.9133297	0.89941436	0.91360015	0.7929555	0.8502493	0.69841325	0.8112212	0.7712512	0.8640059	0.80549943	0.9226592	0.669662	0.70356387	0.840865	0.873375	0.95436317	0.8795895	0.8620078	0.7520557	0.84358025	0.8679476	0.88269526	0.5524527	0.7044214	0.58806133	0.7708953	0.9187466	0.8598243	0.77407706	0.7730643	0.80511796	0.76724946	0.87754726	0.8169812	0.67297304	0.713546	0.9206298	0.70072913	0.85466886	0.76613635	0.6906482	0.8377063	0.9235692	0.7951851	0.55518746	0.7024401	0.6327067	0.8590167	0.8858644	0.78411865	0.61316836	0.7508499	0.8649488	0.8580041	0.8636658	0.72466695	0.697495	0.93130946	0.79376704	0.69151086	0.6750895	0.6419544	0.690694	0.9462164
