	armband/noun	hoe/adj	koop/verb	intellectueel/adj	ons/noun	ultra_orthodox/adj	soms/adv	vergadering/noun	lach/verb	gezeik/verb	romantisch/adj	varken/noun	gevoel/noun	pop_ster/noun	ander/noun	Engelsman/noun	verrekt/adj	schoen/noun	word/verb	Waal/noun	waarschijnlijk/adj	computer_spel_DIM/noun	gewoon/adj	allemaal/adv	wantrouw/verb	overigens/adv	klus/noun	feite/adv	kater/noun	geit/noun	geweld/noun	zo/adv	type/noun	vijand/noun	evenzeer/adv	erg/adj	las/verb	natuurlijk/adj	hier/adv	heb_lief/verb	verlies/verb	systeem/noun	Albanees/noun	tegenstander/noun	voordracht/noun	verdwaal/verb	tennis/noun	islam/noun	schop/verb	zeg/verb	vrede/noun	politiek/noun	staat/noun	medium/noun	in/adv	liefde/noun	meute/noun	hartgrondig/adj	destijds/adv	vraag/verb	super_held/noun	bemin/verb	vrouw/noun	moslim/noun	hoe/noun	onderonsje/noun	genocide_wet/noun	onderwijs/noun	waarom/adv	hoezeer/adv	prietpraat/noun	duif_liefhebber/noun	toestand/noun	zwart/adj	regelrecht/adj	joods/adj	alles/noun	oud/adj	Anthuenis/noun	president/noun	eeuwig/adj	Amerikaan/noun	liberaal/adj	vraag_af/verb	stuk_DIM/noun	oorlog/noun	man/noun	realiteit/noun	vecht/verb	eigenlijk/adj	tuig/noun	vervloek/verb	Javaan/noun	grinnik/verb	baan_DIM/noun	niet/adv	middelmaat/noun	religieus/adj	wreed/adj	ander/adj	reden/noun	namaak/noun	fel/adj	verhuis/verb	pas/noun	opgesloten/adj	laconiek/adj	leer/verb	kunst/noun	Arabier/noun	zelfs/adv	etiket/noun	Kosovo_crisis/noun	oprichter/noun	pest/noun	diep/adj	heel/adj	tegenwoordig/adj	13-jarige/adj	zal/verb	Iraans/adj	ga/verb	nuchterheid/noun	ding/noun	woord/noun	moeder/noun	inmiddels/adv	criticus/noun	maandag/noun	begin/noun	volk/noun	tv/noun	journalist/noun	sprookje/noun	persoonlijk/adj	hartstochtelijk/adj	draadloos/adj	dirigent/noun	begin/verb	steun/verb	vader/noun	ras/noun	huis_werk/noun	platteland/noun	Syriër/noun	voetbal/noun	perfectie/noun	toch/adv	stad/noun	trend/noun	talentvol/adj	modern/adj	luister/adj	allebei/adv	film/noun	jodendom/noun	premier/noun	namelijk/adv	aartsvijand/noun	kerst/noun	on_versneden/adj	steeds/adv	prostituee/noun	soort/noun	vrijheid/noun	tevoren/adv	boek/noun	zeur/verb	Nederlander/noun	opzettelijk/adj	meest/adj	land/noun	ongelijkheid/noun	kind/noun	misschien/adv	strafschop/noun	Duitser/noun	Democraat/noun	regel_DIM/noun	dagelijks/adj	mens/noun	Tutsi/noun	nooit/adv	baas/noun	intens/adj	gelijkelijk/adv	winkel/verb	wereld/noun
armband/noun	0.0	0.9032263	0.80677617	0.8984307	0.8903785	0.92965	0.8568355	0.96381587	0.8913804	0.91974705	0.872107	0.89932406	0.9148921	0.8703291	0.906487	0.89302003	0.93113476	0.66243553	0.87228346	0.904352	0.9009905	0.8531866	0.86933535	0.8686464	0.9327566	0.9119429	0.94043255	0.91364425	0.8889122	0.8901511	0.8988086	0.89031774	0.84601307	0.89380294	0.8801158	0.92192376	0.8960838	0.89166784	0.8917409	0.90761036	0.941071	0.8863732	0.9191573	0.92904466	0.9318954	0.88972294	0.91959685	0.9340646	0.8883404	0.94241536	0.9329358	0.9376549	0.9475595	0.91218567	0.8949118	0.91814905	0.89762324	0.9385366	0.8903641	0.9326894	0.8922129	0.89634514	0.8453881	0.93909204	0.8820827	0.90854317	0.9584958	0.9613076	0.9268152	0.90152687	0.9379717	0.9341742	0.93787926	0.73928154	0.9088212	0.89819735	0.9106824	0.8490956	0.93487257	0.94398516	0.87594604	0.9173951	0.94854707	0.97350824	0.8287763	0.949011	0.80781233	0.90794706	0.92886806	0.9263544	0.84989893	0.8962701	0.92720056	0.89103734	0.9045019	0.94688684	0.92858994	0.8991137	0.9085855	0.9024029	0.96871686	0.8343891	0.8863257	0.9447074	0.85379225	0.8813729	0.9024241	0.93828297	0.87997645	0.9037492	0.85824025	0.8073968	0.95127165	0.93786407	0.8958805	0.9058621	0.90245557	0.85356534	0.8942525	0.9183867	0.91203433	0.9099384	0.9225912	0.90392184	0.906464	0.8940432	0.89813894	0.9192889	0.9376468	0.9681521	0.9042725	0.88028896	0.9236661	0.88126636	0.89745486	0.8974333	0.89380777	0.92078435	0.9477567	0.94907725	0.89920807	0.8840337	0.90652996	0.90306926	0.9381228	0.91892695	0.90258825	0.9126142	0.88677794	0.92827165	0.9230411	0.8671187	0.90193635	0.87872106	0.89278716	0.9214523	0.94851977	0.85618305	0.93034256	0.85210055	0.9276521	0.8855005	0.8856912	0.84028745	0.9228753	0.8992407	0.8674446	0.91371447	0.9181869	0.90882164	0.9002009	0.9244892	0.9384498	0.8908899	0.9206022	0.95712495	0.88458294	0.9339855	0.90152216	0.8896326	0.915805	0.9375171	0.92482144	0.93273675	0.87284446	0.9439986	0.8382521	0.89167064
hoe/adj	0.9032263	0.0	0.93423676	0.7989805	0.76620734	0.9179614	0.59668154	0.9114882	0.7820481	0.8827092	0.7965765	0.83610725	0.74765193	0.834578	0.70877403	0.83798945	0.85038424	0.8899167	0.7983067	0.8345103	0.81692064	0.85827285	0.7317455	0.6211055	0.8396287	0.7501691	0.8465265	0.78232014	0.8608808	0.84883904	0.86671317	0.46042025	0.78405684	0.82527834	0.76909316	0.6119269	0.8397677	0.6497927	0.75627875	0.81461644	0.9380381	0.8011719	0.88597983	0.8680818	0.8526616	0.82132626	0.8440778	0.8172902	0.88025606	0.87416124	0.8735213	0.78603446	0.9086336	0.79103124	0.8674556	0.75784415	0.85553586	0.91487813	0.80521685	0.89353824	0.875065	0.8330939	0.8297823	0.8695417	0.5744887	0.8979608	0.9008434	0.8942328	0.60353565	0.6519674	0.8647009	0.9401491	0.7580786	0.8737434	0.8525249	0.8778289	0.71987593	0.8764673	0.8483704	0.94536585	0.8146254	0.83757466	0.8821757	0.79359114	0.8314106	0.8574904	0.83221674	0.70386064	0.8709206	0.6612547	0.84948945	0.898741	0.90504223	0.8176156	0.86438465	0.7173704	0.8848162	0.8416725	0.73899436	0.8598622	0.88176924	0.85557896	0.88460976	0.9669259	0.88904285	0.8610642	0.77572286	0.7421911	0.79559374	0.8128421	0.77736604	0.82778096	0.86024433	0.929072	0.84955853	0.8239518	0.7627178	0.7521453	0.8787898	0.7449378	0.8770217	0.8541417	0.8342347	0.60467017	0.76802605	0.8163925	0.85540724	0.80503	0.95638	0.92776835	0.825094	0.8390446	0.81136924	0.7712421	0.81276965	0.8238588	0.87849724	0.8716114	0.88757867	0.92639333	0.8324762	0.82361674	0.8563974	0.857524	0.90232503	0.8698083	0.8195319	0.65711296	0.9107484	0.8224682	0.8610928	0.8038446	0.85167885	0.79360956	0.79301995	0.8608975	0.9330613	0.7116842	0.89233845	0.8667157	0.8830473	0.6756848	0.8599957	0.7439	0.8462577	0.78871715	0.7941006	0.8217803	0.8360182	0.85392714	0.74466807	0.8983007	0.83066	0.80128103	0.63580984	0.9590866	0.8631985	0.859218	0.8252274	0.8270248	0.67637664	0.89488053	0.75577706	0.8572514	0.71512485	0.90331274	0.83732074	0.75196403
koop/verb	0.80677617	0.93423676	0.0	0.9212204	0.890363	0.965568	0.8899426	0.95930916	0.933464	0.9302003	0.889961	0.8051026	0.96811545	0.8635721	0.92226106	0.8982222	0.9244004	0.72179794	0.86510676	0.9036354	0.88378805	0.804535	0.7085029	0.88369083	0.9054318	0.89855325	0.9189352	0.8845227	0.9055807	0.81621677	0.95730984	0.9258321	0.7748744	0.94124407	0.8837146	0.9411397	0.88185185	0.8678629	0.843096	0.92536867	0.89422	0.8906115	0.9264219	0.9527912	0.9029286	0.8727624	0.9231069	0.9683398	0.87021494	0.94844157	0.9630719	0.95728815	0.9046404	0.9192635	0.8037518	0.9157986	0.9057648	0.9627404	0.88005847	0.8867901	0.93337417	0.9292321	0.8877495	0.94970816	0.8817534	0.9190949	0.97928625	0.94730586	0.9193971	0.91407084	0.94908786	0.92855036	0.9490862	0.7682936	0.925946	0.9004979	0.90003	0.72448057	0.94278413	0.9628361	0.9007477	0.92004156	0.9576629	0.94100475	0.7607891	0.9643484	0.88712794	0.955925	0.9069988	0.91626465	0.8810175	0.9216434	0.95496994	0.90482366	0.8747312	0.936845	0.95605695	0.93687457	0.9268865	0.80679303	0.96737796	0.76294917	0.94236386	0.7661539	0.8847615	0.8667112	0.94384587	0.8968375	0.8665188	0.911642	0.8061337	0.75975287	0.9729596	0.8801443	0.90454596	0.948717	0.88021374	0.73208094	0.927838	0.9014973	0.91933084	0.8499839	0.9300476	0.91744006	0.95612895	0.8947677	0.84050214	0.92700523	0.9452475	0.97281617	0.9246332	0.84301436	0.9181647	0.90678596	0.9053764	0.9197365	0.80702317	0.94687235	0.9446859	0.9311201	0.9137535	0.87879187	0.90245074	0.8576016	0.9530431	0.9165019	0.9164186	0.91317385	0.8663789	0.8795707	0.9286226	0.78709865	0.90903974	0.8536925	0.9120647	0.9671987	0.9631836	0.77864385	0.9470089	0.80215764	0.9083816	0.8792055	0.85414445	0.7600309	0.94006616	0.8868015	0.85500664	0.8597356	0.87465954	0.9093238	0.8356494	0.9123317	0.9604198	0.8854685	0.9256127	0.9697802	0.9196706	0.9502338	0.9281154	0.82256484	0.8796745	0.9569226	0.9178861	0.87498295	0.9212424	0.9183599	0.74742436	0.91546094
intellectueel/adj	0.8984307	0.7989805	0.9212204	0.0	0.7938724	0.8398196	0.70174444	0.9067881	0.88650477	0.87927634	0.6759515	0.88036644	0.7339107	0.8072909	0.8306666	0.80212474	0.9392948	0.88610315	0.83553	0.81966317	0.8522597	0.8439585	0.8559063	0.81974727	0.74401253	0.7543189	0.8789698	0.71649337	0.837944	0.8835136	0.75986755	0.7780727	0.7625403	0.75998557	0.63212746	0.7767632	0.8189938	0.73082197	0.8424263	0.77535206	0.8629483	0.78936315	0.83165777	0.797963	0.7811073	0.8246194	0.7600607	0.64085054	0.8421642	0.9063982	0.799145	0.6371409	0.7719391	0.7202579	0.8520597	0.7199449	0.8719689	0.85833955	0.7404939	0.8726482	0.8657344	0.84084535	0.83445215	0.75765723	0.77201617	0.8292301	0.8442737	0.7550567	0.8489809	0.70699227	0.83066237	0.94533074	0.81907296	0.8381935	0.7579447	0.7047633	0.8508156	0.82546777	0.8616153	0.86427486	0.73784435	0.8068459	0.6493088	0.8387694	0.82121617	0.7908397	0.8566433	0.72128814	0.8050583	0.80508244	0.8476463	0.8808594	0.87696815	0.85750234	0.8607122	0.83030695	0.8264018	0.55556524	0.73467386	0.77293724	0.8358505	0.8737224	0.79684925	0.9393972	0.8819699	0.8770219	0.8089602	0.81528395	0.650583	0.7566675	0.7581072	0.79463273	0.8362912	0.8008764	0.8230559	0.78118145	0.78794706	0.69643307	0.9176204	0.8194504	0.7642415	0.91177714	0.7595674	0.8131696	0.7887079	0.8826289	0.83846104	0.68639326	0.9454819	0.8928484	0.75497806	0.84240365	0.7689363	0.7743883	0.65088236	0.7169305	0.8608589	0.8028037	0.86625636	0.7832714	0.84848213	0.7264431	0.85342944	0.7643687	0.8868833	0.8213097	0.7405722	0.79405946	0.8271017	0.8136183	0.8190753	0.6443751	0.8323831	0.77392304	0.7681662	0.73146814	0.86986065	0.7284647	0.8518538	0.8750646	0.7912102	0.7248602	0.8378066	0.665144	0.62423027	0.84358644	0.7603326	0.83341426	0.8292479	0.8256809	0.7387308	0.7863088	0.7220279	0.83652264	0.7431978	0.9378155	0.8385569	0.7741388	0.83846605	0.84273475	0.7602517	0.8637842	0.8332226	0.87215257	0.67307657	0.85428333	0.83422333	0.71564674
ons/noun	0.8903785	0.76620734	0.890363	0.7938724	0.0	0.8933424	0.69897914	0.89596426	0.7817905	0.86953026	0.8272407	0.8374289	0.82489395	0.8134227	0.77640486	0.74141324	0.90705353	0.8214672	0.72179085	0.7782334	0.8247959	0.87186736	0.7064712	0.7376722	0.85178673	0.78774476	0.8265765	0.77995735	0.8065145	0.83613086	0.84898126	0.7433967	0.82061	0.7246173	0.7436568	0.78865445	0.83542275	0.7344855	0.7305886	0.7818301	0.9083701	0.8809278	0.8012767	0.7630189	0.88360655	0.83022606	0.81056297	0.80508465	0.8180047	0.8734844	0.829551	0.8047545	0.87402713	0.81917286	0.8616456	0.7909683	0.7764197	0.8559057	0.81333417	0.88739395	0.87568235	0.83020836	0.7728739	0.7919707	0.7687565	0.88820875	0.8787751	0.9123015	0.74979687	0.8128256	0.8803787	0.9099814	0.8822376	0.8484403	0.83896816	0.8488907	0.7488538	0.8655486	0.82021105	0.87720555	0.76938605	0.727643	0.8612726	0.8773682	0.80880797	0.85900986	0.7620959	0.8026703	0.8305056	0.75051534	0.82013696	0.8343176	0.8900017	0.80904925	0.8119309	0.68269396	0.87453246	0.82944584	0.7827966	0.8137645	0.8850815	0.8728688	0.83718634	0.90936154	0.86228	0.8653122	0.8707371	0.82415354	0.8407114	0.7564631	0.72354996	0.8102176	0.87811506	0.9206666	0.82450527	0.8223156	0.81254435	0.76884013	0.8726155	0.735821	0.85947263	0.8563125	0.8387847	0.72663164	0.798429	0.77694964	0.86046743	0.78246427	0.92798513	0.9069393	0.72282827	0.8439063	0.77787983	0.83012414	0.7999512	0.8064753	0.8824399	0.83955324	0.87676245	0.8911078	0.7998903	0.8231826	0.8147945	0.84308875	0.88790286	0.8343366	0.8271653	0.70658815	0.85834086	0.86556196	0.8344343	0.8522958	0.8513304	0.78399557	0.86246735	0.8426666	0.88274443	0.75366896	0.8367063	0.8216026	0.86518395	0.77401304	0.8083096	0.8097071	0.81094235	0.80905455	0.8734784	0.7939426	0.7803527	0.8358702	0.84032714	0.84533393	0.8720715	0.7659322	0.696736	0.8703564	0.73880804	0.79758185	0.82781106	0.8007989	0.64561546	0.85865796	0.7470981	0.81273836	0.78287435	0.8681741	0.7907046	0.7935513
ultra_orthodox/adj	0.92965	0.9179614	0.965568	0.8398196	0.8933424	0.0	0.9048405	0.90654886	0.9583874	0.9442539	0.91716444	0.8988525	0.92929685	0.8926005	0.9308002	0.8729702	0.97449327	0.93859345	0.8775663	0.90133995	0.88299215	0.9155815	0.93218195	0.92469716	0.831795	0.88108146	0.9472062	0.87944996	0.93990445	0.9200451	0.7993201	0.92671144	0.8966913	0.8004566	0.85130835	0.946214	0.93643355	0.934279	0.90452516	0.90422845	0.9332471	0.8975798	0.7953669	0.8711537	0.89798695	0.9187628	0.94292176	0.76622605	0.9040397	0.9189906	0.84255	0.8385117	0.8242543	0.84672284	0.92641366	0.91133326	0.8961239	0.9253994	0.8350793	0.932749	0.9283286	0.95087767	0.86858016	0.70245135	0.9187585	0.90963	0.88416153	0.88798	0.9037701	0.8687099	0.9254717	0.9348139	0.92738116	0.8606255	0.89653313	0.68565035	0.92909956	0.9056872	0.91533077	0.8069532	0.9005015	0.7969383	0.71768534	0.9535056	0.9600403	0.83906746	0.8720952	0.92769074	0.84010196	0.94794375	0.8693217	0.90693396	0.89031255	0.9515658	0.9154638	0.92778015	0.9375772	0.712517	0.8737365	0.8509848	0.924052	0.9265006	0.84596324	0.92359316	0.9386906	0.88633186	0.9165272	0.9232036	0.9134278	0.7446308	0.87450415	0.9191497	0.90021294	0.8886283	0.91353965	0.93551296	0.9063221	0.8786176	0.9277512	0.8654293	0.75194305	0.945452	0.94714415	0.9305563	0.901844	0.9304372	0.8827335	0.8357251	0.9280643	0.92627454	0.8171958	0.928523	0.8773604	0.9201099	0.8920023	0.8833832	0.9290558	0.90968764	0.94525605	0.7961302	0.8914571	0.8567951	0.93013465	0.8909828	0.86445403	0.9566702	0.93414295	0.93530345	0.88033056	0.93409455	0.9080134	0.87577987	0.91161656	0.90079314	0.94516635	0.8065488	0.7929184	0.8643491	0.830616	0.9039025	0.88900316	0.8614598	0.8877237	0.9030802	0.8493954	0.90076935	0.9453439	0.9206531	0.8845676	0.8886545	0.86527985	0.8106859	0.8563528	0.9061462	0.932436	0.96847177	0.8563514	0.8236877	0.9174763	0.9180936	0.86382186	0.8379545	0.919391	0.90865266	0.9023746	0.89600575	0.9133053	0.88426733
soms/adv	0.8568355	0.59668154	0.8899426	0.70174444	0.69897914	0.9048405	0.0	0.89046264	0.65041554	0.8590226	0.5888297	0.79880893	0.6534219	0.7862251	0.75614536	0.74527186	0.8529967	0.78220713	0.7930236	0.7660103	0.76176614	0.8026798	0.6594254	0.5967896	0.79692227	0.6908032	0.80468	0.74035335	0.76195383	0.8092129	0.76268774	0.5204554	0.67903936	0.7665733	0.6806032	0.5213104	0.7491393	0.57736194	0.67506886	0.7815023	0.9001035	0.82985723	0.8371648	0.77403486	0.76343596	0.7217517	0.76333916	0.7930975	0.7643701	0.81750476	0.88954103	0.78615606	0.906728	0.7774066	0.8380518	0.65388894	0.7786634	0.82483935	0.7717454	0.8579511	0.8492016	0.81078243	0.76621395	0.8354901	0.67352116	0.81551063	0.8639982	0.9192009	0.721077	0.72210455	0.81359124	0.90622544	0.73003566	0.761233	0.76014996	0.8602097	0.7316891	0.8187928	0.79902256	0.9320775	0.7181382	0.8209824	0.8600467	0.8058865	0.69483626	0.8284173	0.73869354	0.6296265	0.7981607	0.62841177	0.7837583	0.8047101	0.8883838	0.7140942	0.79143745	0.70030785	0.81925875	0.76562107	0.61045504	0.78707707	0.84702593	0.8503031	0.73179877	0.9346975	0.8057632	0.8078246	0.68796057	0.75066495	0.7672897	0.7846428	0.5157347	0.7461278	0.8400548	0.9134891	0.78942966	0.7188631	0.7053522	0.69802487	0.85974437	0.78228164	0.8481637	0.8019839	0.7924751	0.6075486	0.6496001	0.7714296	0.8584758	0.7179707	0.9284392	0.8949064	0.8125846	0.79725987	0.7877097	0.63440526	0.7593961	0.7166472	0.8768374	0.7996629	0.7862893	0.9190063	0.8053908	0.7895172	0.81979424	0.79414165	0.89215523	0.8226944	0.6773392	0.5599884	0.8799513	0.8250542	0.8277802	0.7644304	0.7896626	0.7046979	0.6905643	0.84002876	0.9160596	0.6558986	0.86255956	0.798755	0.7783232	0.60795164	0.7977266	0.6407473	0.8305594	0.81973255	0.7393284	0.69833183	0.8177433	0.72359335	0.6807718	0.8880813	0.82674927	0.76149976	0.4965943	0.88302827	0.8185122	0.8189991	0.7794014	0.74770474	0.63108635	0.87168413	0.68904376	0.83026326	0.54670393	0.9138689	0.76388013	0.7459283
vergadering/noun	0.96381587	0.9114882	0.95930916	0.9067881	0.89596426	0.90654886	0.89046264	0.0	0.96104383	0.949277	0.9295353	0.9475141	0.93240356	0.9059152	0.8984345	0.9273939	0.9528105	0.96988624	0.79609597	0.9146798	0.8408327	0.90769416	0.92212814	0.92100024	0.8815621	0.82997984	0.88945067	0.8945982	0.9146572	0.94687754	0.90708154	0.89691776	0.94044876	0.92356646	0.8788662	0.93445766	0.92108935	0.93728274	0.9183978	0.96905166	0.9541158	0.8960156	0.90568113	0.9275688	0.6831168	0.91739595	0.9239339	0.91577756	0.93580836	0.8956989	0.9150536	0.8637843	0.8806336	0.8529384	0.8975859	0.9444908	0.9111238	0.932395	0.84048384	0.80328566	0.9578662	0.9563344	0.951018	0.90493476	0.90721226	0.79413813	0.86830115	0.8824068	0.915501	0.9167664	0.9561086	0.9105077	0.8805773	0.9632653	0.90660954	0.9150175	0.90046704	0.9597591	0.88642615	0.7904796	0.93223995	0.91045743	0.8254359	0.92712206	0.9415679	0.88163257	0.9526386	0.9356091	0.94181097	0.9478533	0.93166506	0.94359905	0.9544364	0.9339329	0.8989433	0.91498053	0.9567989	0.8804053	0.91823673	0.8985073	0.8747141	0.9615002	0.8927661	0.9023799	0.9099841	0.9221665	0.89109915	0.9528844	0.93408823	0.9127516	0.8762299	0.9302837	0.8469507	0.90245414	0.94906133	0.9635382	0.8941126	0.90925586	0.9243934	0.77821755	0.84318215	0.9428624	0.9600582	0.9302913	0.9144516	0.9479647	0.862947	0.9011908	0.6254932	0.82866967	0.8776132	0.89579177	0.83488435	0.9338099	0.8705989	0.9017407	0.9266707	0.90180814	0.87709045	0.8312648	0.94146776	0.9203263	0.84247404	0.9096636	0.91651	0.90719146	0.92798436	0.9160616	0.9006266	0.9144505	0.9279407	0.957942	0.9120971	0.933183	0.9318631	0.922125	0.7434935	0.8669773	0.91785365	0.8773155	0.94499683	0.89890563	0.92847383	0.90984553	0.9074103	0.81760937	0.92520994	0.9007311	0.9229731	0.90825367	0.92136645	0.8829771	0.93230003	0.9420784	0.9358218	0.9556723	0.93018556	0.8313646	0.89206135	0.8417882	0.9010536	0.91764665	0.9238183	0.8790896	0.89770263	0.91614974	0.899002	0.9415661
lach/verb	0.8913804	0.7820481	0.933464	0.88650477	0.7817905	0.9583874	0.65041554	0.96104383	0.0	0.8772494	0.8217277	0.88095886	0.82796735	0.8551208	0.8783455	0.8201854	0.89646566	0.84902877	0.92250925	0.8667237	0.87728727	0.91244215	0.70878106	0.72084844	0.91283166	0.87846005	0.92038476	0.8876467	0.82812107	0.86440855	0.943778	0.69633234	0.8262309	0.88987327	0.85095805	0.76361454	0.8391129	0.72095495	0.77684444	0.86685324	0.9426564	0.9536304	0.9386835	0.90028393	0.8961903	0.863438	0.8467773	0.92959034	0.77488476	0.75822425	0.9422739	0.921391	0.9843037	0.91664016	0.943125	0.83959836	0.8399619	0.86652124	0.8732201	0.8612188	0.9333429	0.84213555	0.81763387	0.93288594	0.819443	0.9038327	0.95979065	0.98064095	0.7959134	0.8779078	0.8983033	0.9600079	0.91479075	0.84034383	0.9005907	0.9343629	0.8340987	0.89338315	0.8668139	0.9615147	0.8301497	0.89480525	0.94602406	0.8495338	0.82675964	0.94964397	0.80497503	0.8840841	0.8450581	0.7254263	0.90020674	0.84788024	0.94191337	0.6280855	0.869824	0.8100519	0.92939425	0.95032257	0.8229511	0.9297505	0.9172916	0.8915673	0.88856095	0.9538719	0.90880126	0.9141071	0.8098348	0.80852485	0.92461956	0.8900303	0.7319879	0.8792403	0.9464321	0.9424553	0.8945556	0.8793423	0.8113049	0.80711627	0.90306205	0.9019165	0.9333587	0.824711	0.88606346	0.7916603	0.81058335	0.7964416	0.93244314	0.84303766	0.9753285	0.95134366	0.8774076	0.8312277	0.8615453	0.8273341	0.92077035	0.7897714	0.9411458	0.85923964	0.81855017	0.96009886	0.8299766	0.91315883	0.8749794	0.9294502	0.9261502	0.88594735	0.9024222	0.725766	0.959124	0.94179034	0.86057067	0.93232805	0.8180922	0.7484932	0.86793745	0.9468599	0.9498947	0.83906895	0.90962994	0.8503695	0.9146051	0.86167204	0.9151087	0.8519964	0.9484946	0.904146	0.9056342	0.7511858	0.86302215	0.89738303	0.8845119	0.97160155	0.9486006	0.8429458	0.72435176	0.9292433	0.85833436	0.90989226	0.8911082	0.9044327	0.788814	0.9603654	0.7877724	0.849049	0.7924696	0.9594055	0.8184799	0.89091086
gezeik/verb	0.91974705	0.8827092	0.9302003	0.87927634	0.86953026	0.9442539	0.8590226	0.949277	0.8772494	0.0	0.9105349	0.9355491	0.9146594	0.8735949	0.92446876	0.90797406	0.9234033	0.90493596	0.9269844	0.91753566	0.9165617	0.9053227	0.8195895	0.8243451	0.89212036	0.90685165	0.9285273	0.9079757	0.91240895	0.91949064	0.9096462	0.85668284	0.905449	0.9162218	0.9030685	0.91772246	0.91482216	0.8431285	0.85246015	0.8913266	0.9352566	0.9411614	0.92978305	0.9271129	0.94359624	0.88778615	0.85219896	0.9086116	0.9079211	0.9337845	0.9058504	0.8963614	0.96498364	0.91478	0.93588376	0.88946986	0.9277388	0.9028308	0.917216	0.9206929	0.9110971	0.90258074	0.92964786	0.94083595	0.8691891	0.9255421	0.9460048	0.9241731	0.88378584	0.9136939	0.9101893	0.9125633	0.94228196	0.921019	0.9465746	0.9280283	0.8723544	0.90962946	0.92414266	0.9643425	0.86745214	0.9226851	0.92250437	0.9343153	0.9202136	0.8972696	0.9175496	0.92530835	0.90576184	0.82761	0.8930597	0.8980713	0.9271697	0.8859627	0.89718693	0.86900055	0.9056301	0.9211846	0.90824217	0.9045309	0.9443263	0.91119033	0.9247123	0.9452487	0.9286486	0.89434195	0.9301225	0.90538174	0.9060701	0.91024923	0.89800274	0.8731447	0.92154396	0.9596039	0.89813876	0.9451468	0.88469887	0.8657392	0.9342715	0.9064227	0.93014956	0.92302537	0.9240536	0.86557186	0.9041461	0.91550046	0.91936487	0.9087354	0.9524297	0.9467131	0.8984838	0.8950209	0.894367	0.90857184	0.9287275	0.9176217	0.9365037	0.9538473	0.8997528	0.95514464	0.92589444	0.9440093	0.8394306	0.933411	0.92327625	0.8843568	0.915057	0.8473651	0.9254382	0.9309248	0.90396076	0.9237757	0.9087473	0.8767724	0.9234253	0.9385498	0.9461866	0.88248235	0.93227756	0.90630245	0.93290234	0.8889866	0.9392419	0.9102757	0.8966669	0.9108939	0.91409934	0.7665035	0.90427625	0.94728124	0.9215695	0.94332623	0.8962863	0.9039839	0.86405253	0.9469855	0.92390287	0.9152456	0.87878823	0.9003189	0.8645626	0.92924684	0.84567434	0.912676	0.9104356	0.9440644	0.8634841	0.90058786
romantisch/adj	0.872107	0.7965765	0.889961	0.6759515	0.8272407	0.91716444	0.5888297	0.9295353	0.8217277	0.9105349	0.0	0.87466973	0.7256	0.7535865	0.85930526	0.7847075	0.94994015	0.8430306	0.8847232	0.84524125	0.8722062	0.8211855	0.842605	0.7432	0.8130919	0.81799614	0.8987283	0.795933	0.838511	0.8529222	0.8615265	0.74001247	0.73432034	0.8532734	0.7097405	0.7367778	0.8073889	0.72207415	0.7910261	0.7721841	0.93581086	0.87325674	0.8997908	0.9103739	0.7414391	0.7574535	0.80399036	0.79387975	0.8566293	0.9304707	0.86995834	0.80728495	0.89128745	0.8309283	0.88228196	0.5787798	0.85990435	0.8814605	0.7971469	0.9276091	0.8185879	0.83209646	0.80986047	0.8889599	0.77109236	0.8223315	0.91568124	0.93077856	0.880709	0.76744443	0.8406143	0.92276585	0.8515005	0.7690687	0.772962	0.8013197	0.843577	0.74089265	0.91105986	0.9248636	0.6761706	0.88096565	0.8148919	0.9056953	0.72913784	0.8735757	0.8290227	0.697399	0.8717567	0.7849119	0.84957993	0.8639009	0.90683967	0.832828	0.8643223	0.89512444	0.7875395	0.6695211	0.68669134	0.8047024	0.90184504	0.8355671	0.8527288	0.910488	0.86202896	0.854208	0.76727307	0.8638504	0.66384816	0.8395189	0.73474395	0.77128386	0.89409816	0.86716866	0.8597156	0.77615964	0.7825241	0.7323873	0.9115023	0.9149452	0.82104456	0.9059021	0.7855773	0.7949244	0.77249837	0.8512734	0.8648996	0.7697609	0.95233923	0.8971067	0.8172226	0.82935625	0.8508156	0.50908476	0.7394818	0.684304	0.90556425	0.725289	0.85130894	0.920935	0.8448537	0.79071045	0.8952933	0.75387603	0.9458071	0.82511866	0.71951234	0.7808613	0.82861954	0.84506893	0.82347363	0.5912444	0.8380865	0.7643657	0.56785494	0.8139504	0.9289507	0.77536786	0.88054985	0.7837155	0.75117886	0.8077222	0.8409752	0.66669476	0.80705047	0.8663847	0.6958648	0.83714217	0.8683361	0.8512528	0.72018504	0.8979525	0.86948	0.8723112	0.71407926	0.9632513	0.86743736	0.88428265	0.87452984	0.87014455	0.8308285	0.9139472	0.8584741	0.8951883	0.5751636	0.9291846	0.81136215	0.7658688
varken/noun	0.89932406	0.83610725	0.8051026	0.88036644	0.8374289	0.8988525	0.79880893	0.9475141	0.88095886	0.9355491	0.87466973	0.0	0.892433	0.8683193	0.86566913	0.8291153	0.95705193	0.8499549	0.74633276	0.8771868	0.77642834	0.870548	0.79590154	0.8507012	0.8935108	0.8603524	0.8925175	0.8248888	0.8416743	0.44069606	0.871004	0.83565193	0.79318094	0.826156	0.8223209	0.8636302	0.87748927	0.85015094	0.7857189	0.8799242	0.94325984	0.8429846	0.8506963	0.8884063	0.8789152	0.86797154	0.88572717	0.85931146	0.83867174	0.9551688	0.9247655	0.9052966	0.8995751	0.895858	0.8216976	0.8575964	0.84684014	0.9501404	0.87071633	0.93650687	0.8825705	0.8980596	0.81299865	0.82582396	0.8439777	0.8998749	0.9300348	0.8970065	0.86256194	0.87416565	0.92587674	0.9303704	0.88243455	0.77522826	0.8857191	0.8660449	0.8676851	0.7991849	0.9158844	0.9385118	0.8457856	0.85447466	0.90960485	0.9468645	0.728376	0.8829026	0.80625665	0.89022845	0.8880285	0.86400324	0.7927612	0.8969457	0.8931257	0.8715017	0.8920813	0.8770908	0.92393506	0.8807424	0.78566605	0.8182802	0.92688155	0.85013044	0.8904877	0.9032345	0.9005108	0.8241006	0.92361	0.88459027	0.8772982	0.8255181	0.7788419	0.8091885	0.93639416	0.92061514	0.78166515	0.8961329	0.85950947	0.7691864	0.8932164	0.84020656	0.8715937	0.89900416	0.9150999	0.8633995	0.8790712	0.8201378	0.8130346	0.8751945	0.92986363	0.9436124	0.8706123	0.9004437	0.8876658	0.8422501	0.9131067	0.87593603	0.8883786	0.9176273	0.8968721	0.93079436	0.85159713	0.6803775	0.89452475	0.7977586	0.9072757	0.91920745	0.8930946	0.8779652	0.87285006	0.8902063	0.88714916	0.8490944	0.91429013	0.8176205	0.8951313	0.9061927	0.9397875	0.73945457	0.9012257	0.8337822	0.9042978	0.8335947	0.8296655	0.725626	0.9053521	0.8818969	0.88737214	0.860353	0.83434916	0.8053745	0.85309553	0.85803795	0.87552494	0.7710572	0.86643565	0.9501884	0.8629207	0.8994942	0.86776537	0.8016436	0.7051749	0.8675839	0.8799439	0.88511366	0.8464086	0.9220313	0.8538007	0.8672999
gevoel/noun	0.9148921	0.74765193	0.96811545	0.7339107	0.82489395	0.92929685	0.6534219	0.93240356	0.82796735	0.9146594	0.7256	0.892433	0.0	0.8766687	0.79551923	0.8251617	0.90447843	0.8954732	0.86431766	0.84421086	0.86975133	0.9102895	0.85063434	0.8071008	0.7853892	0.8116332	0.92154104	0.79935306	0.7723341	0.9040842	0.7839015	0.73856974	0.83035004	0.8071178	0.7579241	0.80026025	0.83607304	0.7104695	0.78927815	0.79053414	0.90256596	0.85137445	0.8556075	0.87291414	0.8603158	0.84958327	0.822331	0.7985375	0.87624496	0.90735793	0.8114757	0.77075833	0.8682316	0.810434	0.9138888	0.5810509	0.90220886	0.8525772	0.83626956	0.9278344	0.90922874	0.844895	0.85287315	0.80925596	0.7984949	0.89130294	0.92181516	0.88158065	0.863955	0.7786479	0.8742955	0.92718077	0.80764914	0.8798221	0.79508775	0.8267497	0.8286228	0.8821761	0.8351252	0.9267669	0.7750037	0.8485598	0.8467134	0.8461604	0.8301146	0.86805356	0.861094	0.74065745	0.85687774	0.7965678	0.8715651	0.88560694	0.92802066	0.85275507	0.90110624	0.8456918	0.8642725	0.73826146	0.7806295	0.8907093	0.8384199	0.91328824	0.85387164	0.96847516	0.9063233	0.8852546	0.8229889	0.8412221	0.81749904	0.7802734	0.77358216	0.85593235	0.90394944	0.93599993	0.85745484	0.69904315	0.85201144	0.8334405	0.92322654	0.86453205	0.8837639	0.9247607	0.7342942	0.74946743	0.7597774	0.8613102	0.9194348	0.82198966	0.970054	0.9535214	0.74741113	0.9024186	0.90377504	0.79990506	0.75732327	0.7571011	0.93174934	0.8732308	0.9291463	0.9157302	0.8705629	0.8093437	0.91485536	0.8452354	0.91339874	0.8611317	0.7845069	0.7084389	0.89317876	0.8230965	0.904967	0.83342737	0.86136603	0.8180951	0.8187648	0.8652918	0.92569387	0.8110942	0.9208286	0.8601099	0.78784525	0.7691177	0.87546825	0.7213083	0.73277855	0.9029997	0.8485288	0.8357517	0.8623363	0.8756796	0.8352442	0.8730337	0.8163721	0.8648051	0.73452926	0.93689376	0.83824277	0.8795082	0.8804071	0.89259255	0.76578736	0.8732928	0.8294027	0.9014362	0.6109747	0.91819143	0.86845964	0.78899044
pop_ster/noun	0.8703291	0.834578	0.8635721	0.8072909	0.8134227	0.8926005	0.7862251	0.9059152	0.8551208	0.8735949	0.7535865	0.8683193	0.8766687	0.0	0.8483166	0.8166993	0.9521409	0.83412915	0.8015743	0.83329225	0.87200403	0.82892776	0.851655	0.84427893	0.85537213	0.8103363	0.8996095	0.86338913	0.8568281	0.8684522	0.8572966	0.82083666	0.7894941	0.8233599	0.7792102	0.8417013	0.8195048	0.83788645	0.84427214	0.8634836	0.9137534	0.89263594	0.8713554	0.8586099	0.8514156	0.8638083	0.8337607	0.8366406	0.82333666	0.9001759	0.90446633	0.8209547	0.8637606	0.7532439	0.89487636	0.7800818	0.8478769	0.892595	0.74973	0.89657605	0.7877447	0.8520791	0.70053005	0.8471016	0.8089823	0.83503366	0.9018927	0.93945605	0.8560328	0.8065696	0.9054362	0.88572764	0.8857679	0.7977371	0.8452722	0.8293912	0.87437576	0.8282319	0.8935099	0.79601955	0.80018806	0.8121073	0.8552542	0.90537274	0.8618041	0.88801545	0.74874866	0.8500016	0.88589805	0.84973055	0.85789555	0.8773695	0.92694217	0.86241853	0.8573736	0.85027367	0.87132084	0.83724856	0.8226472	0.847808	0.90394795	0.8470387	0.8657509	0.91477937	0.88864696	0.86108464	0.8417301	0.8772371	0.8048974	0.8157089	0.7651335	0.8219807	0.8958112	0.7990425	0.8592818	0.88856804	0.8304919	0.72667783	0.7998147	0.84292805	0.7909917	0.8888921	0.8757392	0.8542714	0.86468244	0.76122	0.75778866	0.77916193	0.8700318	0.89850754	0.79618347	0.8067664	0.7126352	0.7994721	0.82227576	0.7479863	0.8890574	0.71455216	0.870755	0.88112	0.7620853	0.8227942	0.9010658	0.81499016	0.89788467	0.8565812	0.8286923	0.8490926	0.87153184	0.85048646	0.7631476	0.80138624	0.8550985	0.7696084	0.7419964	0.86231256	0.8001144	0.7825166	0.8519174	0.83167887	0.863461	0.8149862	0.76836413	0.8050877	0.8638772	0.8770061	0.7984471	0.84315884	0.7926065	0.87453485	0.790834	0.8732611	0.8854774	0.7963934	0.84413326	0.9633945	0.8422005	0.8213615	0.8855801	0.87231743	0.7803975	0.89188313	0.8128493	0.8283778	0.79632527	0.93531376	0.81904435	0.8288576
ander/noun	0.906487	0.70877403	0.92226106	0.8306666	0.77640486	0.9308002	0.75614536	0.8984345	0.8783455	0.92446876	0.85930526	0.86566913	0.79551923	0.8483166	0.0	0.83738446	0.9110939	0.867501	0.72517824	0.84116143	0.82464087	0.8872425	0.82421184	0.7009506	0.88772136	0.78124624	0.85777366	0.8069046	0.8711136	0.8567761	0.86155456	0.7856952	0.876126	0.8514043	0.81040096	0.859458	0.8718889	0.7702297	0.8389565	0.848624	0.9373323	0.8163854	0.8748646	0.847515	0.8684286	0.9011657	0.8551856	0.838194	0.8613985	0.94606096	0.881255	0.81206477	0.9028162	0.8297301	0.8980156	0.78075933	0.8940456	0.921777	0.8235884	0.932318	0.9123316	0.85182226	0.8392184	0.87898874	0.8045609	0.88625187	0.86924	0.8985821	0.794804	0.7857505	0.933982	0.9233969	0.83877206	0.9108153	0.8531183	0.8916091	0.6234082	0.8878881	0.81286824	0.9181045	0.8543212	0.84307325	0.89244807	0.90944105	0.8312996	0.8775473	0.84781843	0.7970004	0.9237236	0.811839	0.87873226	0.90795374	0.9343558	0.8654256	0.8822563	0.74953675	0.9077301	0.85769325	0.8637187	0.8146254	0.905999	0.89157754	0.88148487	0.9439916	0.87451375	0.9094127	0.8760588	0.7803687	0.8571174	0.8545148	0.80842096	0.8724934	0.8946638	0.9474585	0.88888377	0.8415336	0.86477625	0.8398227	0.8856671	0.7179706	0.8949756	0.8777286	0.8731574	0.6775634	0.8257946	0.8268157	0.8211809	0.85115063	0.93506795	0.92666817	0.8435682	0.8892057	0.8669122	0.85390115	0.80497974	0.8310075	0.8861078	0.87047553	0.91464853	0.9404268	0.83481896	0.86869824	0.8353987	0.8719899	0.90936255	0.88562775	0.83553123	0.74228966	0.917947	0.8487102	0.8925266	0.8876785	0.90408444	0.83516765	0.88799006	0.88349164	0.9007286	0.78659415	0.88903505	0.8722692	0.9175064	0.8385074	0.8514386	0.8364011	0.8428303	0.8543159	0.87020266	0.8723642	0.87226754	0.81678176	0.9033754	0.91396266	0.83560455	0.811122	0.77278805	0.9350262	0.8498417	0.85828817	0.8625274	0.8550982	0.7829748	0.9067817	0.77502155	0.85576427	0.81267166	0.91979957	0.8638759	0.8664914
Engelsman/noun	0.89302003	0.83798945	0.8982222	0.80212474	0.74141324	0.8729702	0.74527186	0.9273939	0.8201854	0.90797406	0.7847075	0.8291153	0.8251617	0.8166993	0.83738446	0.0	0.8748292	0.88081205	0.7864142	0.7128986	0.80399346	0.8813383	0.8025745	0.80720866	0.8356699	0.8024006	0.86583126	0.7904558	0.7995739	0.84487677	0.8008547	0.79078424	0.7984476	0.72444004	0.7732841	0.8076209	0.85987425	0.82734627	0.76596785	0.8546668	0.79079497	0.88288	0.7305746	0.7145268	0.88369733	0.8580141	0.77346206	0.80381703	0.7737081	0.91270554	0.871336	0.833679	0.86803025	0.82246053	0.8423861	0.80341834	0.7817973	0.8470323	0.7377956	0.9252953	0.8870711	0.87408614	0.7622192	0.737162	0.8274848	0.7964684	0.91388905	0.9248868	0.8032817	0.7813703	0.8795328	0.92627716	0.86909	0.8092361	0.8135654	0.76332366	0.8411603	0.8414144	0.8249346	0.852382	0.78965235	0.54035795	0.8344166	0.9034307	0.8545697	0.7980834	0.7286397	0.85878205	0.7394898	0.818944	0.8156668	0.82499444	0.846569	0.8499031	0.84134513	0.8283595	0.8707169	0.818297	0.75052845	0.8432029	0.8849678	0.8837659	0.82429767	0.8925185	0.85177416	0.85029656	0.8086047	0.8647822	0.8782518	0.67329395	0.7247387	0.8472991	0.88863724	0.8810536	0.8306272	0.8528577	0.8340328	0.77176285	0.8637407	0.8123918	0.7926107	0.87929237	0.84063035	0.8419721	0.81832147	0.79423255	0.7996337	0.788008	0.91808456	0.8722927	0.7249502	0.8674996	0.78684276	0.816361	0.8470795	0.79277074	0.91009414	0.82036006	0.85102004	0.8713948	0.76096153	0.8038937	0.884801	0.78714466	0.83804774	0.7837998	0.85731137	0.7747205	0.8323533	0.8921113	0.7941314	0.83183837	0.8923972	0.73492956	0.8512541	0.8916875	0.84957266	0.77055806	0.7977292	0.84167147	0.8701774	0.78543246	0.82088035	0.80717516	0.8617985	0.8448956	0.8867731	0.8000068	0.5190071	0.820386	0.797753	0.79161596	0.8803821	0.81384385	0.7953687	0.8144357	0.41723752	0.7906132	0.83825105	0.865276	0.73765755	0.8082969	0.81257355	0.81398046	0.7904606	0.9234859	0.82476664	0.8224411
verrekt/adj	0.93113476	0.85038424	0.9244004	0.9392948	0.90705353	0.97449327	0.8529967	0.9528105	0.89646566	0.9234033	0.94994015	0.95705193	0.90447843	0.9521409	0.9110939	0.8748292	0.0	0.925664	0.913248	0.9157842	0.8769872	0.9041232	0.86748165	0.8674453	0.926119	0.9123528	0.9143658	0.93233556	0.8977067	0.9464649	0.9485385	0.85853255	0.9114063	0.9357556	0.9201325	0.8714343	0.91454184	0.8773143	0.87938654	0.9213297	0.94254804	0.9365482	0.9262011	0.9185833	0.96114695	0.92414075	0.88835275	0.9404063	0.9261491	0.97395253	0.9269533	0.92806304	0.96234643	0.9387268	0.9345175	0.9376427	0.905225	0.9154953	0.90787	0.9386286	0.9158272	0.9383083	0.94263554	0.9387772	0.90260774	0.9247495	0.9577382	0.9544453	0.88408244	0.9130665	0.9456634	0.95159596	0.93415534	0.92860985	0.96187	0.95158345	0.8982172	0.9425028	0.91321695	0.9716647	0.9139254	0.90516096	0.9621808	0.95484525	0.89828515	0.941526	0.93571746	0.9229888	0.91946906	0.85657257	0.92428017	0.9311365	0.9272191	0.9013565	0.8951326	0.90343344	0.93262905	0.95621836	0.92187107	0.93129295	0.9325139	0.9326805	0.94338715	0.94933075	0.93671423	0.94776744	0.9535147	0.9057813	0.95165205	0.90162855	0.8978493	0.9289245	0.93989235	0.9750649	0.93642926	0.9264845	0.8843295	0.8941746	0.93462205	0.8895103	0.9530355	0.90462077	0.9400803	0.86326325	0.9110052	0.9472799	0.9299892	0.93017066	0.94753295	0.95806915	0.9350458	0.9420749	0.93955016	0.9256884	0.93203795	0.90826476	0.9426153	0.9605028	0.93261987	0.9674357	0.94846153	0.94895065	0.9195266	0.92840385	0.9293121	0.9072573	0.93182117	0.8422137	0.94530857	0.9467552	0.90406114	0.9536694	0.93121815	0.85641813	0.92874646	0.9696541	0.97562337	0.87342477	0.95447016	0.92157185	0.95249456	0.8355615	0.9373095	0.91407	0.93965197	0.91681707	0.93568975	0.9010151	0.86759573	0.9377597	0.918548	0.9399575	0.95384026	0.92617375	0.87131435	0.94380146	0.87268794	0.95208573	0.913329	0.914604	0.8704579	0.94320893	0.90430117	0.947618	0.9001442	0.9508881	0.9202556	0.9357973
schoen/noun	0.66243553	0.8899167	0.72179794	0.88610315	0.8214672	0.93859345	0.78220713	0.96988624	0.84902877	0.90493596	0.8430306	0.8499549	0.8954732	0.83412915	0.867501	0.88081205	0.925664	0.0	0.8628806	0.86001706	0.88889134	0.8378798	0.7381023	0.78312576	0.92916375	0.8953745	0.8886547	0.88124174	0.85215867	0.83709043	0.9461787	0.8370452	0.746692	0.92025834	0.8732891	0.8676061	0.8749809	0.8581473	0.8017531	0.91302836	0.93394184	0.8866408	0.92512405	0.8953022	0.9289596	0.85420656	0.88042593	0.928672	0.8177215	0.94908446	0.9503853	0.928644	0.9504957	0.93247277	0.90330505	0.89290315	0.8379173	0.9230805	0.8778479	0.9382263	0.89597523	0.9029191	0.82201636	0.9342932	0.84226036	0.9209453	0.93594813	0.9479353	0.8890359	0.8923328	0.9345469	0.93221706	0.9265892	0.6143367	0.8991074	0.91467726	0.78865254	0.79856247	0.9201242	0.9626226	0.84183866	0.91842645	0.93772596	0.96071404	0.7317139	0.95088506	0.7727753	0.91789407	0.90970254	0.8597583	0.78563327	0.891891	0.9352049	0.8569887	0.8517672	0.87623686	0.9142593	0.921487	0.9068484	0.8800459	0.95592946	0.81148785	0.8774015	0.916289	0.79794765	0.8772929	0.92163074	0.9235916	0.8690054	0.8825212	0.8059202	0.75602293	0.9665417	0.93549544	0.86141276	0.83800817	0.85103446	0.7547069	0.9051473	0.90967494	0.9175214	0.84603566	0.9015635	0.79691374	0.87141067	0.883388	0.8947278	0.91470265	0.9468267	0.96627253	0.9111784	0.8293999	0.917888	0.8573501	0.8985151	0.88935685	0.873469	0.9106963	0.9138492	0.9595247	0.9147604	0.88594526	0.87646836	0.90675163	0.94795686	0.9166541	0.89216685	0.8329519	0.89460576	0.88136905	0.892977	0.8094779	0.8963243	0.80849797	0.90159404	0.94538337	0.95175815	0.8089448	0.9164624	0.82050437	0.9226208	0.87140054	0.8910957	0.8076422	0.9387527	0.9105668	0.8498454	0.8399563	0.8968448	0.888019	0.8815352	0.94330376	0.9317414	0.87690765	0.8680893	0.92997956	0.8916123	0.91660017	0.8685516	0.884078	0.87226915	0.9429298	0.86882794	0.88790935	0.86823076	0.9392592	0.7858391	0.89648104
word/verb	0.87228346	0.7983067	0.86510676	0.83553	0.72179085	0.8775663	0.7930236	0.79609597	0.92250925	0.9269844	0.8847232	0.74633276	0.86431766	0.8015743	0.72517824	0.7864142	0.913248	0.8628806	0.0	0.8136624	0.70763135	0.8396281	0.82579863	0.86873776	0.8603581	0.73331404	0.7850332	0.74697924	0.83972543	0.7679641	0.74923515	0.77496195	0.8100225	0.7593142	0.7887404	0.86688346	0.87602514	0.87935936	0.8307174	0.8745612	0.9359297	0.6968454	0.7101205	0.79813063	0.808152	0.8858821	0.8685628	0.8185207	0.8366233	0.94059575	0.85580516	0.81162846	0.7732488	0.76310086	0.7610537	0.87159103	0.82894397	0.906746	0.695199	0.8911159	0.9234706	0.8987207	0.7557066	0.778001	0.81955427	0.8669958	0.7780078	0.8300282	0.8224907	0.83058	0.90596324	0.87298226	0.7722917	0.8673954	0.8370919	0.8067324	0.789836	0.8259943	0.81977165	0.8005285	0.85427856	0.7436806	0.84817183	0.9240573	0.81474066	0.8210935	0.71421313	0.8085824	0.8923664	0.8922106	0.76621205	0.8860468	0.9019905	0.8671918	0.8292872	0.7498425	0.9099235	0.8146799	0.77156204	0.79954857	0.85787344	0.84673476	0.819873	0.8596164	0.8254736	0.8323839	0.8551967	0.88488305	0.8430775	0.7593533	0.74338686	0.7981976	0.8551862	0.882025	0.8128762	0.9040613	0.7918571	0.7691373	0.7924752	0.54042447	0.76240003	0.86925626	0.87169933	0.8426572	0.8307487	0.80541056	0.66555077	0.77503085	0.72741103	0.847774	0.8291912	0.8562483	0.7763919	0.86674535	0.8082937	0.8530998	0.79777235	0.8520125	0.8524092	0.8814946	0.8050641	0.8150421	0.82519233	0.81087065	0.8347425	0.884668	0.8325453	0.8537137	0.77544904	0.82787985	0.8475595	0.8493918	0.89541906	0.81853354	0.84200776	0.8630385	0.8047569	0.6803286	0.8247497	0.8164681	0.886586	0.76955235	0.70637804	0.78882366	0.8393968	0.75815344	0.8406924	0.8696835	0.8200267	0.6780283	0.85710585	0.78242934	0.8110362	0.76615596	0.86032176	0.8826057	0.778741	0.78258646	0.80277836	0.7495795	0.7293853	0.788565	0.8008801	0.83717084	0.8542391	0.8855951	0.8282433	0.8668543
