	13-jarige/adj	Albanees/noun	Amerikaan/noun	Anthuenis/noun	Arabier/noun	Democraat/noun	Duitser/noun	Engelsman/noun	Iraans/adj	Javaan/noun	Kosovo_crisis/noun	Nederlander/noun	Syriër/noun	Tutsi/noun	Waal/noun	aartsvijand/noun	allebei/adv	allemaal/adv	alles/noun	ander/adj	ander/noun	armband/noun	baan_DIM/noun	baas/noun	begin/noun	begin/verb	bemin/verb	boek/noun	computer_spel_DIM/noun	criticus/noun	dagelijks/adj	destijds/adv	diep/adj	ding/noun	dirigent/noun	draadloos/adj	duif_liefhebber/noun	eeuwig/adj	eigenlijk/adj	erg/adj	etiket/noun	evenzeer/adv	feite/adv	fel/adj	film/noun	ga/verb	geit/noun	gelijkelijk/adv	genocide_wet/noun	gevoel/noun	geweld/noun	gewoon/adj	gezeik/verb	grinnik/verb	hartgrondig/adj	hartstochtelijk/adj	heb_lief/verb	heel/adj	hier/adv	hoe/adj	hoe/noun	hoezeer/adv	huis_werk/noun	in/adv	inmiddels/adv	intellectueel/adj	intens/adj	islam/noun	jodendom/noun	joods/adj	journalist/noun	kater/noun	kerst/noun	kind/noun	klus/noun	koop/verb	kunst/noun	lach/verb	laconiek/adj	land/noun	las/verb	leer/verb	liberaal/adj	liefde/noun	luister/adj	maandag/noun	man/noun	medium/noun	meest/adj	mens/noun	meute/noun	middelmaat/noun	misschien/adv	modern/adj	moeder/noun	moslim/noun	namaak/noun	namelijk/adv	natuurlijk/adj	niet/adv	nooit/adv	nuchterheid/noun	on_versneden/adj	onderonsje/noun	onderwijs/noun	ongelijkheid/noun	ons/noun	oorlog/noun	opgesloten/adj	oprichter/noun	opzettelijk/adj	oud/adj	overigens/adv	pas/noun	perfectie/noun	persoonlijk/adj	pest/noun	platteland/noun	politiek/noun	pop_ster/noun	premier/noun	president/noun	prietpraat/noun	prostituee/noun	ras/noun	realiteit/noun	reden/noun	regel_DIM/noun	regelrecht/adj	religieus/adj	romantisch/adj	schoen/noun	schop/verb	soms/adv	soort/noun	sprookje/noun	staat/noun	stad/noun	steeds/adv	steun/verb	strafschop/noun	stuk_DIM/noun	super_held/noun	systeem/noun	talentvol/adj	tegenstander/noun	tegenwoordig/adj	tennis/noun	tevoren/adv	toch/adv	toestand/noun	trend/noun	tuig/noun	tv/noun	type/noun	ultra_orthodox/adj	vader/noun	varken/noun	vecht/verb	verdwaal/verb	vergadering/noun	verhuis/verb	verlies/verb	verrekt/adj	vervloek/verb	vijand/noun	voetbal/noun	volk/noun	voordracht/noun	vraag/verb	vraag_af/verb	vrede/noun	vrijheid/noun	vrouw/noun	waarom/adv	waarschijnlijk/adj	wantrouw/verb	wereld/noun	winkel/verb	woord/noun	word/verb	wreed/adj	zal/verb	zeg/verb	zelfs/adv	zeur/verb	zo/adv	zwart/adj
13-jarige/adj	0.0	0.9414187	0.89386094	0.99492913	0.9503666	0.97137105	0.8964585	0.90681475	0.8949803	0.9919346	0.9699236	0.91137713	0.9272274	0.97751665	0.96950513	0.9751301	0.9191405	0.9911594	0.97981995	0.9939795	0.9367913	0.9472012	0.9349669	0.9562114	0.95144415	0.88148946	0.9888408	0.97014457	0.982626	0.9699283	0.95001763	0.90948653	0.9587097	0.97441304	0.9174051	0.97883093	0.98004234	0.96134	0.9747364	0.9909877	0.98716915	0.9775334	0.97301954	0.97084665	0.95475733	0.96728826	0.9932249	0.9903411	0.9739528	0.98118865	0.9259264	0.9836213	0.99618906	0.96534926	0.9989915	0.95773804	0.9788327	0.99444896	0.9635908	0.9554483	0.93483657	0.9673586	0.9557243	0.98177665	0.9107507	0.975233	0.97017246	0.9357886	0.98470134	0.9463838	0.9200585	0.96148515	0.95176095	0.9035647	0.9668743	0.95958614	0.9774086	0.9155681	0.9609717	0.9750045	0.93516856	0.92207825	0.9581146	0.9336423	0.9953185	0.9326966	0.8733578	0.9688553	0.9813158	0.991845	0.98348945	0.99156487	0.97520524	0.966267	0.80534744	0.9605612	0.9803216	0.9665797	0.9665764	0.99821466	0.97959363	0.93509024	0.9896093	0.9480775	0.9431558	0.9837262	0.9331952	0.95567226	0.90852827	0.9387628	0.9649466	0.96154404	0.96952045	0.9703332	0.96795976	0.98303306	0.97347915	0.9631665	0.9668605	0.9072899	0.9227724	0.9369196	1.0	0.9068805	0.97650415	0.9883197	0.9790026	0.9959385	0.9727328	0.9583577	0.9678619	0.98171484	0.9502389	0.9983211	0.98552984	0.94139266	0.964142	0.95163035	0.99836147	0.960128	0.9693045	0.9787811	0.9895174	0.9805209	0.89701843	0.9631588	0.9730562	0.9423268	0.953244	0.9946882	0.9308594	0.97613674	0.9926355	0.9787252	0.97411877	0.99809825	0.82201266	0.98147047	0.92049575	0.9701725	0.9807625	0.9011526	0.9512364	0.9718517	0.9648796	0.9684188	0.95755315	0.96511286	0.9676156	0.93966913	0.9740572	0.963165	0.9780762	0.8861536	0.96497524	0.97380805	0.96119875	0.9845365	0.95664436	0.96957153	0.87715375	0.94509387	0.98313963	0.9110185	0.98123145	0.98858005	0.98791456	0.94375026
Albanees/noun	0.9414187	0.0	0.81311744	0.9835633	0.87068594	0.9347755	0.8463307	0.8713902	0.9000541	0.94210947	0.85856116	0.7875639	0.8981553	0.8575273	0.89914536	0.94631183	0.94799733	0.95924413	0.96083057	0.9388432	0.9780045	0.95031506	0.9380668	0.9583299	0.9215394	0.94830716	0.9996997	0.9583168	0.9473009	0.9679619	0.85647887	0.8899191	0.9474775	0.99612087	0.93321174	0.9517732	0.97680336	0.96153104	0.98233676	0.9914749	0.9770835	0.98117137	0.9502834	0.95013255	0.9732342	0.95802855	0.9670862	0.9261376	0.99675864	0.9764264	0.87550753	0.95866287	1.0	0.9684566	0.99141175	0.9374801	0.9990309	0.97738075	0.9509001	0.950447	0.9733107	0.9369947	0.9794046	0.7983109	0.79022115	0.9584159	0.97161055	0.92646897	0.9762684	0.9149348	0.9258097	0.9857466	0.978284	0.9257484	0.9729702	0.87930727	0.9680317	0.943616	0.9654942	0.8356874	0.95207745	0.95690954	0.9657469	0.9724528	0.9972116	0.93786347	0.7701187	0.9746698	0.9445405	0.756292	0.9597321	0.9805341	0.9779653	0.97431475	0.9037043	0.8213707	0.97590613	0.9458064	0.9865725	0.98593175	0.9755282	0.9656027	0.95937663	0.9769247	0.9385601	0.9814044	0.9633269	0.9029921	0.94013864	0.9284074	0.95759284	0.9148599	0.9461628	0.96333	0.93785083	0.96835244	0.97053	0.9453588	0.95679647	0.9058254	0.94349676	0.9324901	0.9855024	0.8544651	0.9358029	0.95826733	0.9940164	0.94923043	0.9773367	0.95386344	0.974962	0.95877963	0.9408477	0.9796407	0.9380229	0.9537526	0.93968785	0.89068514	0.9453783	0.9168753	0.96894634	0.9600939	0.9946242	0.9609926	0.9446166	0.9714362	0.9515969	0.9627121	0.93251693	0.95743346	0.936224	0.9876764	0.9559297	0.9602819	0.93407845	0.9885464	0.90643823	0.8682664	0.8697522	0.96615964	0.96392196	0.9400381	0.92814016	1.0	0.9774995	0.96600956	0.96521103	0.9362865	0.9842455	0.92242855	0.9648119	0.9287125	0.94941926	0.844935	0.971013	0.9374301	0.93295884	0.97074467	0.96099526	0.9575435	0.88831925	0.9575554	0.9042153	0.922891	0.94472754	0.9851008	0.9932042	0.9453959
Amerikaan/noun	0.89386094	0.81311744	0.0	0.96826196	0.8170245	0.8935353	0.6826719	0.7171519	0.8016267	0.9234797	0.95904636	0.69261837	0.86212534	0.9510501	0.89654136	0.9136004	0.8838538	0.89853334	0.9521547	0.8833643	0.9258965	0.938709	0.9277483	0.8649429	0.84738076	0.8368323	0.9780774	0.8374923	0.95453554	0.8723315	0.89035034	0.8084669	0.880775	0.93958986	0.8619327	0.96864045	0.99213636	0.8749212	0.9168196	0.90870166	0.95279765	0.93572754	0.90646166	0.87149507	0.8446549	0.9172015	0.91973525	0.98125416	0.97475934	0.92309713	0.870021	0.8934277	1.0	0.9316144	0.98432773	0.9172438	0.9535449	0.91773605	0.90201676	0.9407294	0.9597386	0.87457347	0.9711537	0.80596036	0.71567017	0.91330945	0.92997503	0.88925976	0.96994394	0.81599975	0.8061087	0.9429421	0.91581196	0.928328	0.93815386	0.83630085	0.8899653	0.89649606	0.92392224	0.8343196	0.9431764	0.8804179	0.9257475	0.89173204	0.95308226	0.8615129	0.6591827	0.89870393	0.86427635	0.85390913	0.9649334	0.98568195	0.89788777	0.88330966	0.77254665	0.8361641	0.971478	0.8861029	0.88761294	0.98203725	0.89204395	0.97425807	0.94404864	0.93226564	0.9184709	0.9578717	0.90929407	0.7932825	0.86449283	0.81926304	0.91908205	0.83576363	0.8448112	0.9417756	0.8990251	0.8747468	0.96503913	0.9091528	0.9049527	0.8230399	0.87005085	0.8185796	0.96503854	0.88123566	0.9397503	0.9081795	0.9257891	0.9768328	0.96813434	0.86717623	0.8945178	0.94460154	0.9101592	0.94783986	0.90494525	0.93139803	0.83424604	0.85855114	0.9072983	0.851434	0.9309285	0.9383127	0.9186414	0.93178374	0.9136888	0.86119545	0.8756263	0.8838322	0.9211711	0.9603157	0.885924	0.95949894	0.96084124	0.9180538	0.8959844	0.9631898	0.7291803	0.914604	0.8166292	0.9354448	0.93423474	0.85279363	0.8078955	0.9987121	0.93306184	0.85959446	0.8915919	0.88361955	0.95511156	0.89727837	0.90779907	0.87771076	0.8904111	0.6926651	0.9067984	0.8496357	0.92270696	0.8282244	0.96712166	0.8902026	0.7812609	0.89903796	0.883683	0.83739495	0.85544544	0.95734	0.97079283	0.85468453
Anthuenis/noun	0.99492913	0.9835633	0.96826196	0.0	0.9714087	0.99181247	0.96913284	0.96160877	0.9870943	0.9977815	0.99379236	0.9832188	0.9920379	0.9903133	0.959769	0.9466523	0.9581545	0.99939317	0.97209924	0.99688244	1.0	0.9847194	0.97502667	0.9768262	0.96809924	0.9276137	0.9969327	0.9921627	0.9963783	0.99167335	0.9711991	0.959057	0.9566426	0.97596145	0.985963	0.9703209	0.984295	0.9813786	0.9681457	0.97183776	0.9889734	0.9352436	1.0	0.9744754	0.99093235	0.9823181	0.9878003	0.99275064	0.9511212	0.9706756	0.9536998	0.98253846	1.0	0.9959445	1.0	0.9792358	0.9970487	0.9988506	0.9815081	0.9934558	0.9972158	0.9897064	0.94074506	0.98313695	0.99051243	0.9940274	0.96933496	0.98966956	0.9994147	0.99039376	0.9872063	0.97131723	0.9935828	0.99402934	0.9535036	0.9806398	0.9936708	0.93312055	0.9562166	0.9538622	0.9857948	0.9667743	0.9947817	0.9921894	0.9770335	0.9545305	0.9755807	0.9758398	0.96806085	0.9843682	0.97480255	0.97168195	0.9754626	0.97011757	0.99596375	0.9900227	0.99010926	0.9717193	0.95764565	0.91052645	0.9782508	0.98216206	0.9935541	0.94241416	0.9848521	0.9964879	0.9794917	0.973386	0.96822506	0.984916	0.99176663	0.97654873	0.96499646	0.9507457	0.97487664	0.9892957	0.9906626	0.97819954	0.9907912	0.9698181	0.9958561	0.975005	1.0	0.9975341	0.99680334	0.9974689	0.9234867	0.9981194	0.98041826	0.9934388	0.9987832	0.9435123	0.96991396	0.9942853	0.988676	0.96604943	0.97453994	0.95386827	0.98145664	0.9664113	0.907768	0.9932866	0.9993689	0.96305	0.9509365	0.92600775	0.9874782	0.96691775	0.99091023	0.9687562	0.96975166	0.9924965	0.981256	0.99317664	0.980179	0.9986564	0.9663007	0.99442816	0.97305274	0.9946963	0.97798616	0.9248264	0.9443956	0.98768294	0.9956356	0.960165	0.8711264	0.9986247	0.97501045	0.9786442	0.97236747	0.9701065	0.9640466	0.980138	0.9694684	0.9562533	0.99240476	0.9843397	0.9618569	0.98384833	0.9438607	0.9927795	0.9461894	0.9320708	0.9599025	0.98393697	0.99964696	0.99008137
Arabier/noun	0.9503666	0.87068594	0.8170245	0.9714087	0.0	0.96871334	0.90527415	0.92197156	0.88101506	0.8445024	0.98606485	0.8769405	0.8436604	0.91658044	0.952889	0.92799854	0.9371508	0.9584377	0.94744426	0.8882697	0.97766984	0.94726497	0.9929923	0.9722683	0.9450847	0.9315485	0.9720854	0.9445462	0.99929965	0.96090716	0.90203136	0.9127268	0.962692	0.96410155	0.9613406	0.98895216	0.9989555	0.9633198	0.9750097	0.9874443	0.9796046	0.93572235	0.91307116	0.9234869	0.9477041	0.9635575	0.95508796	0.99020237	0.9238875	0.9453094	0.8852673	0.92750055	0.9972324	0.97535574	0.99267536	0.9281941	0.95939136	0.96690273	0.93519	0.9547756	0.974381	0.89069444	0.9833786	0.87799394	0.8895594	0.9184414	0.96982646	0.8264566	0.93438977	0.8419177	0.9120828	0.9921614	0.9542818	0.9240178	0.9762581	0.9249515	0.9546184	0.9584707	0.9680195	0.8291327	0.97254825	0.8871919	0.94698447	0.9784355	0.9764748	0.9656884	0.92761713	0.91261065	0.8748413	0.84836155	0.9713942	0.949202	0.94230855	0.9563156	0.9460508	0.74017787	0.9929978	0.9430003	0.96512926	0.9731017	0.9498608	0.99691415	0.93185157	0.9795357	0.9186802	0.93139267	0.91363573	0.83194506	0.91598403	0.9178702	0.976676	0.93916845	0.9694459	0.9682354	0.9755859	0.9453306	0.9491865	0.90493137	0.8952215	0.9512948	0.8643939	0.89117867	0.9808289	0.96625257	0.94961184	0.96283275	0.95793605	0.96145207	0.9716916	0.8616588	0.9788343	0.98413616	0.9674573	0.9827752	0.97019243	0.93670756	0.8894577	0.8803388	0.95978993	0.86054015	0.9714934	0.97888774	0.95544624	0.9577791	0.9697432	0.96516246	0.9267571	0.99775434	0.9685096	0.98537254	0.9740603	0.97907877	0.9381003	0.94818455	0.95105016	0.79544973	0.93539196	0.91596854	0.8601711	0.9614859	0.97082335	0.95777243	0.95878994	0.94048643	0.9440486	0.8840264	0.97510666	0.8487402	0.97991306	0.9351947	0.9572395	0.8378918	0.90121514	0.935648	0.9187884	0.90570235	0.8932706	0.91468453	0.9843115	0.91982186	0.9098926	0.9331062	0.8639213	0.9094894	0.93295425	0.9838586	0.98292184	0.9175682
Democraat/noun	0.97137105	0.9347755	0.8935353	0.99181247	0.96871334	0.0	0.9544756	0.9378176	0.9457052	0.96905667	0.9488316	0.92779946	0.9504109	0.97355056	0.9612288	0.92049986	0.95253235	0.9847241	0.9680007	0.97980994	0.9974346	0.98134947	0.98256576	0.93834215	0.94013023	0.9421464	0.9967994	0.9533112	0.97954947	0.93349504	0.95073605	0.9522297	0.95064354	0.9983653	0.951351	0.9649905	0.99078923	0.97357357	0.98661923	0.99373317	0.9776496	0.9921793	0.955026	0.93902564	0.91885054	0.9599922	0.9507738	0.98410326	0.982021	0.97661346	0.95656914	0.98735905	0.99650836	0.9833036	0.95501137	0.983403	0.9843701	0.97762865	0.99367017	0.99254626	0.98350865	0.94075435	0.9940741	0.8881504	0.89064753	0.96902764	0.9760595	0.9859141	0.9488387	0.95015174	0.932154	0.970947	0.9669859	0.94483674	0.9766376	0.9183896	0.9739365	0.9685493	0.96012294	0.9514723	0.9661986	0.967819	0.9707873	0.945954	0.9711827	0.9523889	0.9112426	0.9757965	0.96734816	0.9190216	0.99631256	0.9843961	0.97609836	0.9862576	0.9389201	0.9382688	0.95337087	0.952245	0.96025807	0.9985163	0.97934717	0.99333084	0.9224383	0.9876525	0.9763291	0.9623823	0.97898114	0.93633753	0.94985527	0.89083517	0.97659636	0.91783005	0.9687053	0.97668225	0.9956273	0.9306568	0.9770389	0.9455757	0.93122387	0.9448298	0.9527715	0.85814637	0.96713364	0.9321569	0.9621027	0.96373284	0.9704865	0.9921752	0.9630342	0.9197634	0.9827253	0.97286993	0.9676552	0.9664751	0.95671874	0.9779717	0.86413515	0.9596706	0.9669982	0.92630076	0.9589956	0.97607034	0.931467	0.97719175	0.969823	0.92910737	0.95327085	0.9692146	0.9473207	0.9951194	0.966348	0.97944	0.9506247	0.97386765	0.95816123	0.9879762	0.89038056	0.96395296	0.9644419	0.9662082	0.96806544	0.9184792	0.93912524	1.0	0.98561066	0.95524126	0.97232884	0.97776276	0.97778356	0.96335685	0.9685087	0.9818177	0.9593529	0.9171708	0.976533	0.9340462	0.9754907	0.96569186	0.9775386	0.9774815	0.9262562	0.9875732	0.94817615	0.93947065	0.94118416	0.9910075	0.9925726	0.9429343
Duitser/noun	0.8964585	0.8463307	0.6826719	0.96913284	0.90527415	0.9544756	0.0	0.71779805	0.8944402	0.9562539	0.9816915	0.6840638	0.9091135	0.97160757	0.874506	0.9539674	0.8977426	0.92357314	0.94742876	0.928031	0.91383994	0.96732605	0.9299885	0.8551625	0.8416426	0.8251186	0.97512937	0.88597363	0.9605573	0.9110523	0.8875205	0.81888586	0.91395557	0.94522375	0.8399868	0.96424615	0.9891931	0.9203591	0.89304817	0.9422482	0.9669495	0.9162572	0.9395546	0.90760744	0.89611936	0.90362465	0.9604723	0.99103653	0.98915875	0.93288344	0.9208946	0.9059293	1.0	0.9241761	0.9763059	0.9192003	0.9712109	0.94117963	0.9068376	0.93718266	0.9597305	0.92746794	0.9685113	0.8278967	0.7398673	0.9492234	0.9487836	0.9448203	0.96382713	0.81431043	0.8634428	0.91117555	0.93393254	0.93515754	0.88340753	0.8417566	0.8746687	0.8854819	0.9378742	0.8948877	0.9613135	0.87384033	0.9114649	0.9405431	0.96684223	0.88584507	0.68199235	0.92402583	0.9175438	0.8855034	0.95790976	0.99157846	0.8994306	0.9166435	0.77600735	0.9119348	0.9636774	0.89320314	0.91890496	0.9492631	0.90499735	0.9640817	0.9791902	0.8924713	0.9390534	0.97472227	0.9129317	0.844652	0.92733574	0.8367208	0.91295695	0.87703705	0.8864747	0.92952967	0.8890976	0.8955692	0.9622524	0.9249794	0.92252576	0.8719276	0.9212993	0.90405035	0.9893626	0.8704759	0.9180213	0.93567044	0.92734027	0.97854054	0.96819186	0.93863076	0.91493857	0.91435933	0.88525367	0.95789504	0.91328675	0.9244257	0.8814453	0.88434356	0.8848287	0.9093977	0.8709742	0.9104397	0.97443837	0.9546815	0.91248006	0.8723775	0.9128608	0.8928036	0.96971697	0.9215511	0.8940847	0.9390336	0.9612525	0.9367429	0.90901166	0.99154794	0.7586393	0.9447551	0.88280475	0.95665556	0.947311	0.84983337	0.78534925	0.9983722	0.94853187	0.91574776	0.87978494	0.88905317	0.95086765	0.9288979	0.9166238	0.91330767	0.9400565	0.72903967	0.90818787	0.88096374	0.9456919	0.88672507	0.9171614	0.9167048	0.7809264	0.9383832	0.93404484	0.87747127	0.85994786	0.94788086	0.98542064	0.8892886
Engelsman/noun	0.90681475	0.8713902	0.7171519	0.96160877	0.92197156	0.9378176	0.71779805	0.0	0.910084	0.9596028	0.9821026	0.75915384	0.9176552	0.9676862	0.9016198	0.945385	0.91427726	0.94469076	0.96171606	0.9556556	0.9299143	0.9747404	0.93240786	0.8769115	0.8874393	0.86079574	0.9534317	0.8782109	0.9463273	0.90430236	0.94033635	0.8676131	0.9502863	0.9713477	0.90779144	0.99361324	0.98637986	0.91926956	0.9494782	0.9657047	0.9451072	0.9416857	0.9513453	0.9261665	0.886837	0.9564126	0.94106007	0.99151504	0.977266	0.9436125	0.9378408	0.9553433	1.0	0.9275973	0.9966258	0.9508648	0.98017335	0.95352346	0.94545007	0.964715	0.9378444	0.91955256	0.98283356	0.8954404	0.7851816	0.95937747	0.9390896	0.97946197	0.95092016	0.8805935	0.8670893	0.9129283	0.94066024	0.9527451	0.9137067	0.877821	0.9212979	0.90215755	0.91338205	0.892516	0.95968	0.9273968	0.94540286	0.9134654	0.9831755	0.91795605	0.7320292	0.93185914	0.92322797	0.91725713	0.99104714	0.9748362	0.9545231	0.91463155	0.85223484	0.9315257	0.9813171	0.8805892	0.9431652	0.98288774	0.9472134	0.96233	0.9608351	0.9473747	0.9541978	0.9708204	0.96811724	0.9007695	0.94575876	0.86634785	0.91376215	0.89992976	0.9076524	0.9590374	0.97015494	0.9300658	0.96839714	0.9178941	0.93985474	0.8657341	0.9365371	0.9238709	0.996658	0.86538386	0.9275623	0.9398976	0.96584153	0.9913294	0.9522639	0.96593744	0.91240937	0.92218643	0.9025998	0.9591418	0.94602776	0.8963116	0.92375505	0.91772455	0.9402252	0.94131416	0.84063596	0.9504112	0.9471337	0.9581655	0.91544497	0.8686147	0.9184365	0.92217827	0.9673642	0.977794	0.9317404	0.9543161	0.9733239	0.9610276	0.9305854	0.9945998	0.8178947	0.93108124	0.903142	0.95542437	0.9666526	0.87208056	0.83308154	0.97629154	0.9591485	0.9451365	0.898462	0.9297032	0.9642849	0.94593245	0.9389415	0.9404528	0.9658839	0.77893937	0.93296856	0.90962976	0.93959457	0.9122037	0.938259	0.92225313	0.8081471	0.95306015	0.9752063	0.90290207	0.89783734	0.9549378	0.98582023	0.8969465
Iraans/adj	0.8949803	0.9000541	0.8016267	0.9870943	0.88101506	0.9457052	0.8944402	0.910084	0.0	0.9970093	0.92055345	0.87361735	0.8057842	0.9328435	0.9616172	0.88514805	0.9512056	0.9936701	0.9805281	0.9486674	0.97605336	0.9552891	0.9498672	0.9366549	0.9283966	0.90493727	0.9828416	0.92747325	0.96616375	0.9379383	0.93399477	0.87191147	0.96462643	0.9763426	0.93626416	0.9834154	0.9968937	0.9199511	0.985739	0.98730713	0.9694188	0.97913426	0.96266496	0.95181006	0.939468	0.9562143	0.92660195	0.99283415	0.9384515	0.93646187	0.892502	0.95229745	1.0	0.9813491	0.9890882	0.93269753	0.99336255	0.9761109	0.9696317	0.98112136	0.9373569	0.9423023	0.9584929	0.9261626	0.848922	0.9465043	0.9787056	0.88694435	0.9824032	0.8891399	0.8501549	0.9520212	0.95089334	0.9395957	0.978889	0.92995566	0.94658	0.9506971	0.9568305	0.864041	0.9417643	0.9446276	0.93374306	0.95815253	0.9799048	0.91272575	0.84401006	0.9311255	0.95332164	0.943094	0.97183233	0.97967976	0.97891873	0.9463095	0.8907996	0.8718366	0.97637695	0.96688455	0.98063356	0.9980651	0.951757	0.9580573	0.96899784	0.97114146	0.97089976	0.9796726	0.9156357	0.87074435	0.92724967	0.91678864	0.9407138	0.92239314	0.9391976	0.9579996	0.9255587	0.9321579	0.9521344	0.93402463	0.90909696	0.9213079	0.84653926	0.809139	0.9976422	0.9298809	0.95503277	0.9744074	0.95834655	0.9773099	0.9655932	0.8312413	0.9599298	0.9475082	0.963498	0.98160195	0.9820717	0.9448885	0.90958667	0.8992026	0.9435104	0.89387023	0.97152007	0.95957196	0.975815	0.97000796	0.9544706	0.94532937	0.92407167	0.96782255	0.9233736	0.9982543	0.9049498	0.9822114	0.95886075	0.941544	0.93574035	0.93823737	0.8586859	0.9490162	0.8994797	0.9622382	0.93623674	0.92309386	0.9550269	1.0	0.9785598	0.89964956	0.9422786	0.8931336	0.9778188	0.936945	0.96620846	0.8793125	0.9315265	0.8635979	0.9550899	0.9107567	0.91019386	0.9336702	0.95279926	0.95480937	0.8992641	0.9352959	0.93861943	0.88158846	0.97023594	0.98261356	0.99702585	0.9506043
Javaan/noun	0.9919346	0.94210947	0.9234797	0.9977815	0.8445024	0.96905667	0.9562539	0.9596028	0.9970093	0.0	1.0	0.92275524	0.9894698	0.98858654	0.98029655	0.9986084	0.964775	0.9670243	0.99619335	0.8795848	0.98742247	0.9850917	0.9687453	0.99822485	0.959149	0.9605567	1.0	0.9833634	1.0	0.9699128	0.98100805	0.9891777	0.9809921	0.99326444	0.9852095	0.9966336	1.0	0.9277641	0.98672354	1.0	0.981368	0.95177954	0.9528905	0.9863966	0.9842589	0.9864869	0.99407625	0.9703268	1.0	0.97543657	0.90155834	0.9545173	1.0	0.9816285	1.0	0.93350226	1.0	1.0	0.91249603	0.9901811	0.9740672	0.8974237	0.9986003	0.9631027	0.96674764	0.92450714	0.9977159	0.9380991	0.8975692	0.95207965	0.97752595	1.0	0.9665635	0.9893307	1.0	0.95178413	0.95970666	0.980636	0.9989093	0.9432231	0.99850386	0.97718513	0.9984848	0.9689127	1.0	0.9959393	0.98724043	0.9992723	0.89590883	0.9699098	1.0	1.0	0.98675364	0.9631917	0.9828176	0.8812599	0.96293384	0.989379	0.9984365	0.9984984	0.96149683	0.985454	0.99837404	0.9847887	0.98825896	0.95432353	0.96861726	0.9539442	0.9700289	0.98092526	0.9780633	0.9708856	0.9798508	0.9924221	1.0	0.9697825	0.9406585	0.95982784	0.9781293	0.99109226	0.99673206	0.9473687	1.0	0.97583073	0.9092486	0.9750143	0.991635	1.0	0.97941554	0.8669939	0.97452915	0.98198974	0.9481662	0.98322636	0.98904794	0.957479	0.9405026	0.9685138	0.96513426	0.9679907	0.9748627	0.9808181	1.0	0.9858455	0.99034894	1.0	0.9794182	0.9953297	0.99803174	0.99943346	0.9846863	0.9797043	0.9980495	0.9978449	0.9892175	0.92800987	0.98289907	0.9737139	0.9208693	0.9267017	0.9963944	0.9344937	0.9939741	1.0	1.0	0.96658593	0.9806076	0.94614685	0.9675025	0.9909174	0.97823024	0.94844115	0.92296255	0.9861922	0.9522494	0.98349273	0.8943221	0.983221	0.99502605	0.9987712	0.92725694	0.9583381	0.9776906	0.99393356	0.9737056	0.99970156	0.99532044	0.8857064
Kosovo_crisis/noun	0.9699236	0.85856116	0.95904636	0.99379236	0.98606485	0.9488316	0.9816915	0.9821026	0.92055345	1.0	0.0	0.96797615	0.9776779	0.9764639	0.99575263	0.9514279	0.98153657	0.99670476	0.98854804	0.98812026	0.99283063	0.9901996	0.98474735	0.9896454	0.9636626	0.97858703	0.9979118	0.96110064	0.99557793	0.9816157	0.97047013	0.9841968	0.9915004	1.0	0.9977147	0.9978323	0.9967115	0.98309577	0.9985142	0.9997135	0.980534	0.9826222	0.99007654	0.9767619	0.98043174	0.9870003	0.98955095	0.9670374	0.94466925	0.9590113	0.9147109	0.9825477	0.9929282	1.0	0.995311	0.9714059	0.9883671	0.96398956	0.9875866	0.99568725	0.9176239	0.9203199	1.0	0.9787142	0.9644081	0.98038954	0.9950496	0.9834478	0.9813355	0.97436833	0.96595275	0.99556106	0.9549334	0.9741719	0.9896833	0.9792698	0.9940454	0.9916561	0.9791224	0.9251922	0.9720979	0.97919464	0.9911732	0.98813736	0.9986742	0.96331805	0.9893391	0.97825587	0.97118807	0.9866875	0.9819886	0.99177766	0.9978034	0.9895561	0.9708352	0.9695174	0.9838144	0.98272294	1.0	0.9959408	0.989771	0.99378055	0.99254215	0.99434155	0.9925065	0.95782775	0.9950262	0.91765696	0.99502605	0.95214725	0.9863932	0.9756657	0.9933366	0.9945609	0.99772084	0.96950185	0.9811038	0.98658425	0.9911765	0.97676456	0.94259924	0.88416266	0.98859024	0.963226	0.97306055	0.9883748	0.98674095	0.99110526	0.98425066	0.95799714	0.97845834	0.9825078	0.9881602	1.0	0.9979864	0.9864376	0.9585909	0.97723556	0.9224364	0.94587743	0.9929262	0.9869052	0.98658943	0.9927162	0.98569816	0.9876473	0.9893468	0.97551703	0.93274736	0.99671435	0.93248785	0.97450835	0.9826249	0.9544072	0.9981963	0.9968114	0.96980536	0.982292	0.9601056	0.9545397	0.9837137	0.98749065	0.99086815	0.9607666	0.9784157	0.96730494	0.9766753	0.97610265	0.9833535	0.9787247	0.99109703	0.91288364	0.99344903	0.9841629	0.9480785	0.98989093	0.97306937	0.96713114	0.990866	0.9822365	0.9717143	0.9707073	0.96173966	0.9559933	0.98464245	0.9821114	0.99934405	0.9621487
Nederlander/noun	0.91137713	0.7875639	0.69261837	0.9832188	0.8769405	0.92779946	0.6840638	0.75915384	0.87361735	0.92275524	0.96797615	0.0	0.92286676	0.91827685	0.8750181	0.9633305	0.89175683	0.8940632	0.9307001	0.90305954	0.8882831	0.9196496	0.92473805	0.8550885	0.8183994	0.84580517	0.9702693	0.8426857	0.9631563	0.8895988	0.7982514	0.8008725	0.8811402	0.92476296	0.8979769	0.9551814	0.97771436	0.9067743	0.856063	0.91112065	0.95564854	0.94426465	0.9042674	0.91433436	0.9132488	0.8363224	0.9323148	0.96895015	0.98466283	0.89855886	0.9105758	0.88799417	0.9903725	0.90875643	0.98094535	0.91497815	0.9804833	0.9187752	0.9011718	0.9160389	0.94292307	0.9397833	0.97612435	0.67267925	0.6262996	0.94780636	0.94949716	0.91890836	0.9745984	0.85980153	0.82808185	0.9434184	0.93378687	0.876421	0.8822602	0.76941794	0.9029747	0.8498008	0.91550404	0.8109371	0.9445227	0.8736921	0.93827295	0.9225828	0.98406583	0.85953003	0.6470654	0.89372253	0.8736557	0.70582294	0.95874476	0.982904	0.88779616	0.9307784	0.7812604	0.8382218	0.9757837	0.84359777	0.8851035	0.9574415	0.90121174	0.9535933	0.97245663	0.9420832	0.85705256	0.9495466	0.86363596	0.8960797	0.9253037	0.8479226	0.91598445	0.80751085	0.8134449	0.9121386	0.94928294	0.8772176	0.9726208	0.9314667	0.895259	0.8739751	0.9132272	0.9041794	0.9885267	0.8413905	0.92950636	0.92287004	0.90211976	0.9583534	0.96007377	0.9205188	0.93724996	0.90799403	0.9099755	0.9064536	0.89503354	0.94123536	0.8800393	0.82869846	0.8710856	0.8779924	0.8843136	0.9231706	0.98819834	0.8942256	0.87760544	0.8765124	0.85826856	0.90786254	0.9439696	0.9154732	0.898545	0.91761374	0.94925094	0.9145471	0.89490175	0.9682346	0.77076936	0.83291036	0.876521	0.9403794	0.93285584	0.83714736	0.7722752	0.984947	0.94588244	0.9241162	0.85517216	0.90459067	0.96387255	0.8839318	0.8899354	0.9324764	0.9137644	0.71723914	0.8498429	0.8487196	0.94835657	0.8763902	0.9229131	0.8673558	0.8194781	0.9338509	0.88605076	0.78175247	0.81427157	0.9167851	0.97837555	0.86836743
Syriër/noun	0.9272274	0.8981553	0.86212534	0.9920379	0.8436604	0.9504109	0.9091135	0.9176552	0.8057842	0.9894698	0.9776779	0.92286676	0.0	0.90617716	0.9744622	0.9215627	0.97026724	0.9944919	0.986765	0.9582844	0.976669	0.98165023	0.9678175	0.9780428	0.9368601	0.9415033	0.9887966	0.9837356	0.9674867	0.9648145	0.96864855	0.93984574	0.98055017	0.9916793	0.97847486	0.9982367	0.97487885	0.9719194	0.9996922	1.0	0.99059993	0.98358524	0.9573142	0.9706582	0.97988474	0.9746292	0.9807112	0.99828297	0.89969003	0.99594164	0.9306052	0.96616536	0.9966345	0.99656516	0.9921047	0.9894755	0.9856794	0.9839413	0.98833823	0.9821159	0.9856092	0.93933487	0.99090713	0.9559147	0.91476977	0.97429746	0.9742026	0.9068106	0.97906685	0.93665165	0.96379346	0.9446006	0.93932694	0.9779657	0.98357606	0.9666781	0.97839725	0.9856837	0.98037434	0.9220957	0.97224313	0.9795972	0.93869686	0.9985725	0.941692	0.9580287	0.8748062	0.9552753	0.9484793	0.96724814	0.9832736	0.94940645	0.9991492	0.9659331	0.92452985	0.8517354	0.9876397	0.98206437	0.9899246	1.0	0.97482306	0.9906263	0.9459521	0.98265207	0.9872404	0.9839101	0.9813835	0.89818037	0.9572191	0.9390017	0.9472176	0.9406696	0.9842188	0.97259563	0.9468257	0.9462149	0.9853005	0.98123264	0.92418146	0.9415017	0.91270095	0.866891	0.99375504	0.91220933	0.96982205	0.9524612	0.9831276	0.9874081	0.96773505	0.92855686	0.9896194	0.989041	0.9513735	0.99445355	0.9997253	0.9672202	0.94313693	0.9686167	0.97453505	0.9433289	0.99332803	0.99452317	0.9630861	0.99538636	0.9489732	0.97395015	0.98692054	0.9755286	0.984152	0.9985065	0.9578142	0.975819	0.9734847	0.9607776	0.99044794	0.9501186	0.89791924	0.97219056	0.9219434	0.98872703	0.9603225	0.9602426	0.97361255	1.0	0.89381933	0.9382616	0.9873362	0.91483223	0.9713824	0.9578799	0.9743791	0.8499832	0.95087314	0.89653534	0.96412116	0.93969077	0.9568548	0.9579148	0.9817635	0.9856228	0.92144287	0.96600735	0.9325584	0.9368402	0.98452437	0.9881325	0.9997237	0.96886206
Tutsi/noun	0.97751665	0.8575273	0.9510501	0.9903133	0.91658044	0.97355056	0.97160757	0.9676862	0.9328435	0.98858654	0.9764639	0.91827685	0.90617716	0.0	0.94552064	0.9692895	0.99000734	0.9943485	0.99595165	0.969139	0.99287015	0.94214195	0.94010913	0.9887172	0.9495007	0.9197076	0.9870849	0.97274417	0.99999076	0.9881218	0.8855307	0.95631605	0.98202616	0.9916939	0.98321754	0.98589206	0.9655064	0.98428124	0.99912655	1.0	0.98487437	0.9830462	0.97737503	0.9927864	0.9720516	0.99507284	0.944866	0.90618265	0.9355829	1.0	0.9770411	0.9946837	1.0	1.0	1.0	0.96170646	0.9296094	0.9989393	0.99439216	0.97642034	0.99460894	0.9985308	0.9949771	0.8966744	0.92590064	0.96763635	0.9988818	0.998086	0.9831114	0.9589204	0.9576186	0.97482234	0.951498	0.94635916	0.9759997	0.91541517	0.9701401	0.9909228	0.9962804	0.91379184	0.9595523	0.97889066	0.96906453	0.9640316	0.9979025	0.987482	0.95738703	0.9994309	0.973402	0.84799623	0.9603826	0.9215213	0.9905619	0.9926704	0.9749039	0.891222	0.9898258	0.98887485	0.99011815	1.0	0.99898136	0.99258816	0.9953257	0.9806364	0.98475724	0.95145863	0.9843998	0.93776214	0.97299516	0.9647995	0.9652642	0.94977313	0.99861634	0.9786718	0.9699864	0.9680774	0.9992903	0.9259942	0.9813928	0.9791649	0.9603827	0.95878804	0.9998522	0.94461757	0.96190864	0.9880709	0.9923561	0.99648565	0.97939837	0.9971596	0.976382	0.9861799	0.9597984	0.99946177	0.9946464	0.9759134	0.9545502	0.9454609	0.99477994	0.96452004	0.98916703	0.9956148	0.999622	0.99345076	0.97653514	0.9974385	0.98906016	0.96611667	0.96984696	0.99805504	0.99137497	0.9788062	0.94912213	0.99030334	0.98882	0.9561401	0.95769984	0.9209	0.94926167	0.9840365	0.9932609	0.914321	0.9754581	0.9640262	0.9381739	0.9964669	0.98013175	0.972273	0.9810575	0.9777065	0.999901	0.9660511	0.9899321	0.9734238	0.9897046	0.98796934	0.9890692	0.98944837	0.9800649	0.9895903	0.89471984	0.9545071	0.95760775	0.989388	0.9893503	0.9854903	0.9936803	0.96836764
Waal/noun	0.96950513	0.89914536	0.89654136	0.959769	0.952889	0.9612288	0.874506	0.9016198	0.9616172	0.98029655	0.99575263	0.8750181	0.9744622	0.94552064	0.0	0.99068403	0.9396254	0.969829	0.9580175	0.948138	0.96266365	0.97825783	0.9873054	0.9676805	0.9554578	0.9575921	0.9849312	0.95605755	0.9949597	0.9710689	0.9589166	0.94968873	0.95756644	0.95344	0.9562748	0.96962553	0.98287076	0.948888	0.97719324	0.97860444	0.9703833	0.96239036	0.9535017	0.9505677	0.9677924	0.9678809	0.97125405	0.9915442	0.9770209	0.9666581	0.97226906	0.97284293	1.0	0.96784335	0.9573985	0.9619731	0.99277925	0.9663432	0.96501696	0.942014	0.96520525	0.9854368	0.943691	0.91318476	0.91145504	0.97281617	0.98522353	0.94113386	0.9923408	0.9693118	0.9477995	0.95140815	0.9730726	0.9572448	0.9488353	0.939444	0.9580217	0.9282359	0.9636802	0.9382086	0.9880424	0.942225	0.96030384	0.9704744	0.98565274	0.96383744	0.8944328	0.9626566	0.9325783	0.9357758	0.9753404	0.98243237	0.94286513	0.976014	0.9231366	0.92094827	0.97296244	0.9643448	0.9921762	0.9650288	0.9690564	0.97920156	0.9955532	0.96104944	0.93860173	0.9812785	0.9383986	0.9658422	0.9405087	0.95478517	0.96154964	0.9161148	0.96080726	0.95610625	0.9769814	0.97780997	0.9835258	0.9744786	0.9546606	0.9629258	0.97118914	0.96625817	0.9692915	0.940866	0.9898066	0.96801704	0.956689	0.9397049	0.9916987	0.9904175	0.9698348	0.9560878	0.95329154	0.9888944	0.9695682	0.9718934	0.9603421	0.9584545	0.9634413	0.9497367	0.8943396	0.9531004	0.9955111	0.9772993	0.9484609	0.9487157	0.94001406	0.9576312	0.9915408	0.923579	0.94547194	0.9775414	0.9769977	0.9725952	0.9790664	0.99208915	0.94095004	0.9663347	0.9335868	0.9590392	0.95768505	0.9313923	0.8724902	1.0	0.97048616	0.9360022	0.9539078	0.9638108	0.97195214	0.96094376	0.96444046	0.9479967	0.94649976	0.91039026	0.9617099	0.9455588	0.9784663	0.96684086	0.9665769	0.96230006	0.92710125	0.979732	0.92528224	0.93696165	0.9060256	0.95606834	0.98536736	0.96150225
aartsvijand/noun	0.9751301	0.94631183	0.9136004	0.9466523	0.92799854	0.92049986	0.9539674	0.945385	0.88514805	0.9986084	0.9514279	0.9633305	0.9215627	0.9692895	0.99068403	0.0	0.94450414	0.9862132	0.98445183	0.9399492	0.9837827	0.98339295	0.9794998	0.8867237	0.91667414	0.94040245	0.96254367	0.9738648	0.9969829	0.878236	0.9695442	0.901517	0.9333365	0.9811153	0.94100446	0.9763181	0.9861172	0.8966913	0.9986565	0.99182814	0.9722414	0.9613393	0.9490313	0.8902644	0.9395055	0.96987045	0.9637718	0.97257346	0.99552035	0.9166585	0.9327908	0.96664363	0.9797454	0.9771421	0.9620572	0.97707593	0.96175313	0.99396646	0.96357733	0.95589834	0.9616796	0.9546413	0.9811281	0.9710206	0.92956245	0.97599256	0.9820157	0.9443543	0.9841236	0.94652945	0.9308281	0.95898014	0.9647184	0.99291533	0.9784684	0.9367588	0.97926766	0.9762982	0.9722798	0.8947116	0.98493314	0.9611421	0.91545236	0.9376872	0.9630489	0.94766974	0.95801395	0.883129	0.8927156	0.9939175	0.97482234	0.97831076	0.97046596	0.9526933	0.98448306	0.93616253	0.9586419	0.9704305	0.97508496	0.9890745	0.94388586	0.9917369	0.9819608	0.95583004	0.9926017	0.98218	0.9819363	0.8272146	0.98247033	0.91624755	0.9578151	0.94321656	0.9245995	0.9757198	0.9614328	0.89577574	0.98414963	0.9618559	0.8738326	0.9706429	0.85655916	0.8047829	0.9694966	0.97998625	0.9767831	0.9910498	0.96577007	0.98127615	0.90882653	0.9382218	0.9819866	0.9634037	0.9728247	0.9838195	0.9711727	0.9822682	0.8860866	0.93392146	0.9199806	0.8443507	0.9491754	0.97192967	0.9283788	0.97032624	0.92690176	0.8603432	0.9097498	0.96891874	0.9015662	0.9814862	0.94200087	0.9855265	0.9733659	0.95698303	0.9567011	0.9305739	0.92090416	0.98364717	0.88341695	0.97496265	0.9390378	0.93946713	0.9272716	0.9674797	0.87191767	0.7750707	0.91476893	0.9362212	0.96873313	0.95663685	0.96418643	0.91080564	0.9457595	0.9678994	0.9513275	0.9188919	0.92339337	0.92427087	0.95838505	0.90730953	0.9561679	0.9301452	0.9147454	0.92209864	0.9237356	0.9630665	0.99228007	0.9120695
allebei/adv	0.9191405	0.94799733	0.8838538	0.9581545	0.9371508	0.95253235	0.8977426	0.91427726	0.9512056	0.964775	0.98153657	0.89175683	0.97026724	0.99000734	0.9396254	0.94450414	0.0	0.9271733	0.9463005	0.9588117	0.91967803	0.9724826	0.9543066	0.9089021	0.9122822	0.889472	0.95455515	0.8956877	0.98782444	0.9053423	0.9221247	0.85738516	0.90790296	0.9345532	0.9047541	0.95174354	0.9699146	0.9246432	0.89865935	0.91286564	0.9499831	0.943427	0.94168746	0.89896226	0.9164272	0.9104296	0.97168887	0.9620189	0.9906561	0.9279456	0.957682	0.93774134	0.96527296	0.94761235	0.99986917	0.9535529	0.9607898	0.9613419	0.9215102	0.95171404	0.93304956	0.95615536	0.930627	0.9054836	0.8725629	0.9717929	0.93929553	0.955566	0.9256432	0.9168837	0.93505883	0.9341165	0.92526424	0.93252206	0.9376891	0.8543518	0.9575968	0.8608177	0.91516036	0.92853427	0.94774055	0.91175836	0.9335016	0.9121682	0.9636828	0.92282224	0.9299723	0.9424836	0.9371413	0.94526476	0.9204097	0.96913975	0.9236207	0.9190963	0.87591213	0.94763803	0.9703843	0.8667042	0.9159179	0.9548505	0.9321547	0.9683717	0.95334053	0.93958426	0.9297415	0.97689295	0.9405822	0.9367911	0.97946626	0.8865324	0.92772484	0.88172424	0.8985036	0.9350742	0.92258453	0.933267	0.9731697	0.9572787	0.9385705	0.94654095	0.92258483	0.93189067	0.9285665	0.96520066	0.9661889	0.97616696	0.9296919	0.98525697	0.94111377	0.9589948	0.9216796	0.9431637	0.9038497	0.91518885	0.943758	0.94013214	0.90981716	0.94099396	0.92879105	0.8865131	0.9001847	0.9486993	0.9659324	0.922583	0.921455	0.9068355	0.8925078	0.94512755	0.9416027	0.96131134	0.9254653	0.92413205	0.9831747	0.92212695	0.903326	0.9943667	0.8649188	0.94837916	0.9119717	0.9444709	0.90832967	0.8606048	0.8491734	0.9731656	0.9683932	0.9202261	0.90009606	0.96468127	0.94519156	0.9027113	0.89486456	0.9313708	0.94820565	0.8927334	0.9143397	0.8995108	0.9615126	0.9225312	0.9491235	0.90456384	0.9043771	0.96994877	0.92313886	0.8355301	0.8662095	0.9431658	0.9778932	0.901928
allemaal/adv	0.9911594	0.95924413	0.89853334	0.99939317	0.9584377	0.9847241	0.92357314	0.94469076	0.9936701	0.9670243	0.99670476	0.8940632	0.9944919	0.9943485	0.969829	0.9862132	0.9271733	0.0	0.8206961	0.8735628	0.8751154	0.9871975	0.973645	0.9002658	0.87005615	0.8382069	0.992656	0.8521423	0.9567363	0.9502379	0.8920442	0.91309273	0.85744333	0.901054	0.9612888	0.9882943	0.9945568	0.89469355	0.7606849	0.81804097	0.9412971	0.95352376	0.91233885	0.88802093	0.8980686	0.85956085	0.96387434	1.0	0.9992389	0.88158	0.91891956	0.82444847	0.99272996	0.95621026	0.9822291	0.9572856	0.94893986	0.8710512	0.8297236	0.82680196	0.9556431	0.9662819	0.9750376	0.8964129	0.86609447	0.9391414	0.9420104	0.91883856	0.9649072	0.9402534	0.9096792	0.9818437	0.94930893	0.8930646	0.9429003	0.8576432	0.8776579	0.8263984	0.973611	0.9061851	0.9663246	0.83208853	0.9377922	0.8948582	0.99228	0.9176599	0.9409203	0.91424257	0.8206345	0.92607516	0.9750351	0.9710543	0.77491313	0.83614886	0.9049993	0.9260882	0.9999457	0.8919631	0.81906855	0.81433386	0.82840145	0.9407709	0.9866703	0.95998144	0.9276731	0.97256994	0.8832737	0.89532185	0.9745164	0.9474684	0.9721066	0.8441932	0.8451943	0.936415	0.9844679	0.89103293	0.9530916	0.9403306	0.8922482	0.9239883	0.9551167	0.9564496	1.0	0.97476417	0.91678905	0.933343	0.8607839	0.985653	0.94809234	0.9444783	0.95131475	0.9217242	0.93504393	0.8729762	0.8466377	0.95256037	0.9168515	0.9167958	0.8696949	0.9055899	0.94504225	0.9200058	0.9876343	0.9285948	0.97104317	0.8822792	0.88279164	0.99241483	0.99436617	0.7766628	0.9288275	0.9162388	0.99816144	0.9145212	0.89001125	0.990344	0.88029855	0.95092815	0.88406324	0.98031855	0.930707	0.8933272	0.9225775	0.9845435	0.99700034	0.9237102	0.91735053	0.9112227	0.97285354	0.8349864	0.86498463	0.9347268	0.900071	0.9408067	0.79960513	0.8941456	0.9884123	0.889215	0.983337	0.86156845	0.8741293	0.95997196	0.86491024	0.8768048	0.83290195	0.96233463	0.9434148	0.8805419
alles/noun	0.97981995	0.96083057	0.9521547	0.97209924	0.94744426	0.9680007	0.94742876	0.96171606	0.9805281	0.99619335	0.98854804	0.9307001	0.986765	0.99595165	0.9580175	0.98445183	0.9463005	0.8206961	0.0	0.91693884	0.9004185	0.97431797	0.97598857	0.9078639	0.90875524	0.87683934	0.9552736	0.8745699	1.0	0.9661585	0.92705	0.8996146	0.9099285	0.86517096	0.9596165	0.9622923	1.0	0.90935814	0.83121085	0.8756407	0.9689521	0.9561222	0.91314137	0.88515437	0.8881815	0.8847393	0.9781944	1.0	1.0	0.89497834	0.9304876	0.8469416	0.97827274	0.99390423	0.9326041	0.9625767	0.9855299	0.83874786	0.81377494	0.8231447	0.9660937	0.9819076	0.99535257	0.92036915	0.9009361	0.9273145	0.9509926	0.9417138	1.0	0.952003	0.9410355	0.97693527	0.9772956	0.923394	0.9511275	0.8903784	0.86077565	0.8329451	0.979577	0.94173354	0.96348256	0.83539045	0.9658994	0.89942086	0.9944287	0.94426405	0.9451338	0.89955026	0.8956163	0.9640831	0.9986163	0.97359306	0.800318	0.8786856	0.8934641	0.9234282	0.99884015	0.90937984	0.8292944	0.868628	0.84275234	0.9798386	0.998921	0.9890248	0.9543167	0.96414924	0.86000586	0.919585	0.9896565	0.9510241	0.99671364	0.91341424	0.8535803	0.95786047	0.98940533	0.90647274	0.9696014	0.9694044	0.9011841	0.95910823	0.9436424	0.93692315	0.9966337	0.99029166	0.960845	0.96446913	0.87945443	1.0	0.9548471	0.9498767	0.93991476	0.9293915	0.9529884	0.8674184	0.8783466	0.9652543	0.9369137	0.9226218	0.90889674	0.9257741	0.9509891	0.911995	0.9697532	0.9459181	0.98284644	0.91001433	0.8826551	0.9804024	0.9977926	0.7780208	0.95068574	0.9503958	0.99668396	0.9514808	0.9456792	0.9956105	0.89004725	0.97837037	0.8966578	0.98491	0.94113743	0.9003661	0.91968685	1.0	0.9841402	0.93426955	0.92813444	0.94654167	0.97760135	0.8585822	0.93633723	0.92421865	0.92940813	0.9320595	0.81431097	0.90466654	0.97966737	0.9240441	0.9811245	0.8257753	0.9085683	0.9603524	0.8926271	0.85053813	0.86668843	0.96703446	0.9406417	0.89373493
