	altijd/adv	belofte/noun	braaf/adj	nieuws/noun	bekentenis/noun	duur_voort/adj	vonnis/noun	zaterdag/noun	nu/adv	dinsdag/noun	kamer/noun	uitdrukkelijk/adj	door/prep	standpunt/noun	probatie_uitstel/noun	maatregel/noun	besluit/noun	getuigenis/noun	patent/noun	overigens/adv	afschaffing/noun	vandaag/adv	invoering/noun	na/prep	Hof/name	schorsing/noun	dag/noun	wetswijziging/noun	Volkscongres/name	publiekelijk/adj	federatie/noun	oordeel/noun	overtuiging/noun	Fortuyn/name	Groen/name	dus/adv	passage/noun	bezwaar/noun	doodvonnis/noun	EADS/name	woordvoerder/noun	regel/noun	toekenning/noun	amnestie_wet/noun	deels/adv	omdat/comp	definitief/adj	snel/adj	onmiddellijk/adj	beschuldiging/noun	bond/noun	vervolgens/adv	schielijk/adj	decreet/noun	benoeming/noun	aankoop/noun	bevel/noun	daarmee/pp	zij/pron	haastig/adj	uitspraak/noun	beslissing/noun	daarna/pp	alles/noun	bestuur_accoord/noun	die/det	minister/noun	verdachte/noun	afgelopen/adj	mogelijk/adj	boycot/noun	hoewel/comp	uitslag/noun	overname/noun	om/comp	al/comp	niet/adv	dan/adv	stellingname/noun	eventueel/adj	afspraak/noun	desnoods/adv	richtlijn/noun	aantijging/noun	verbod/noun	echter/adv	hof/noun	Bill/name	om/prep	ze/pron	Arafat/name	Europees/name	verhaal/noun	stem/noun	plots/adj	mening/noun	waarschuwing/noun	Bush/name	verklaring/noun	A./name	Ray/name	inderdaad/adv	woord/noun	ijlings/adv	mededeling/noun	Hooggerechtshof/name	stelling/noun	toen/comp	half/adj	eerste/num	schoon_vader/noun	inmiddels/adv	Dierckxsens/name	maandag/noun	jaar_cijfer/noun	Leterme/name	wet/noun	brief/noun	arrest/noun	veroordeling/noun	NIOD/name	daarna/adv	bron/noun	noch/vg	weekeinde/noun	Lodewijk/name	fatwa/noun	min/adv	rechtbank/noun	regeling/noun	wegens/prep	refs/noun	het/det	plan/noun	Lagos/name	Europese/name	maar/vg	steeds/adv	uitgeweken/adj	weer/adv	maal/noun	zondag_avond/noun	Blatter/name	intussen/adv	laat/adj	of/vg	vergissing/noun	woensdag/noun	Roe/name	dit/det	staking/noun	Wahid/name	stap/adv	scheidsrechter/noun	dat/det	regering/noun	geleden/adj	al/adv	formeel/adj	week/noun	onder/adv	gisteren/adv	hij/pron	bewering/noun	nooit/adv	nadat/comp	ontslag/noun	in_vrijheid_stelling/noun	ook/adv	veiligheidsmaatregel/noun	getuige/noun	zolang/comp	capitulatie/noun
altijd/adv	0.0	0.88539153	0.6991	0.84840214	0.871611	0.6672299	0.9105685	0.95204335	0.65546864	0.9696704	0.8532017	0.84182006	0.89275783	0.82729304	0.97668856	0.9030747	0.9015473	0.85434693	0.8666466	0.67574024	0.91374123	0.89109266	0.91741437	0.92969245	0.9629944	0.9303319	0.84293914	0.8732372	0.91075045	0.8026488	0.91222763	0.82538724	0.74608696	0.84750235	0.9302263	0.5674027	0.7994835	0.90537184	0.8690795	0.9218865	0.9699026	0.83528006	0.9015018	0.9294679	0.86187565	0.69639254	0.929746	0.79725164	0.84997624	0.87618244	0.89011425	0.8432802	0.89322495	0.91180515	0.91145945	0.9295115	0.9215976	0.84384775	0.70083106	0.8213941	0.86010385	0.8620155	0.835156	0.6489037	0.9179274	0.6734376	0.9669331	0.9046267	0.93116385	0.8322747	0.8903464	0.66663295	0.89635724	0.9278775	0.7063978	0.5264183	0.57827616	0.586341	0.8175821	0.8764463	0.88418674	0.7976202	0.8825402	0.8460946	0.9007499	0.69558394	0.9258531	0.9095961	0.8924956	0.5811398	0.88391304	0.9441304	0.75912404	0.83463186	0.7259195	0.79282165	0.87205184	0.8673485	0.87881815	0.9855051	0.9072058	0.59614015	0.7744269	0.9230021	0.8724299	0.92501765	0.8124238	0.84254706	0.92550886	0.9388578	0.8515541	0.8569243	0.87935054	0.963265	0.92791134	0.8481955	0.87586313	0.9095661	0.9081257	0.9047682	0.89159536	0.77039576	0.87119234	0.8186744	0.8999534	0.8868387	0.8943495	0.79148686	0.96053463	0.87376386	0.92142487	0.8446125	0.85892785	0.8812692	0.90827453	0.95924884	0.5294634	0.53516376	0.8982123	0.69738585	0.912381	0.88922065	0.82356405	0.78610575	0.8970682	0.80917656	0.8354864	0.9683322	0.9849383	0.8246221	0.93637663	0.8417995	0.81616783	0.9089282	0.63160056	0.89667773	0.95244277	0.7674356	0.8547238	0.91448	0.9397179	0.93053913	0.6575857	0.8023008	0.6040222	0.93378085	0.9469074	0.92192787	0.58978325	0.878172	0.88529277	0.6813346	0.89972895
belofte/noun	0.88539153	0.0	0.90045905	0.9198793	0.81906086	0.9078066	0.8885132	0.7947313	0.8863314	0.8708224	0.95628524	0.831752	0.87539357	0.8187062	0.92262304	0.82707494	0.83526325	0.8461163	0.8749899	0.8798711	0.8741372	0.7976744	0.9014851	0.8404601	0.909758	0.7417828	0.9064797	0.85822994	0.9140313	0.83943415	0.82268214	0.88379383	0.864033	0.8958	0.84474057	0.8768057	0.8993764	0.86320484	0.87810445	0.9293803	0.84993815	0.8605531	0.86463284	0.90810966	0.90106404	0.893121	0.8264928	0.8969127	0.8956858	0.8277879	0.8515233	0.8760212	0.90531594	0.8381245	0.8429161	0.9035355	0.86432326	0.83908385	0.86227983	0.9095414	0.8422164	0.83579737	0.86570233	0.9166826	0.84811217	0.858433	0.8476748	0.9207478	0.87236637	0.89074945	0.8499742	0.8464534	0.773241	0.90838236	0.8647058	0.8753972	0.88870585	0.9065732	0.8460707	0.86963856	0.76080614	0.86082494	0.8588093	0.8262528	0.8809779	0.83707035	0.8957624	0.87821627	0.90415084	0.8807311	0.84692013	0.900129	0.91072214	0.8869648	0.89005715	0.90470505	0.8299767	0.84384984	0.80885506	0.89317805	0.8809642	0.89398265	0.871587	0.9191918	0.85584015	0.90071034	0.8516761	0.8951334	0.89988875	0.8089183	0.88000757	0.8997813	0.7825447	0.86300933	0.92145765	0.7987217	0.8513389	0.86284536	0.8676195	0.86880887	0.91486305	0.87395227	0.91635853	0.83317775	0.81517243	0.90463316	0.92061573	0.9150984	0.9208015	0.8570461	0.8968709	0.8741813	0.8831812	0.79936016	0.90186226	0.8979864	0.8611156	0.90366095	0.80471563	0.8851148	0.8477477	0.8172624	0.85500836	0.81027174	0.8732376	0.9314233	0.8842349	0.84301996	0.92365366	0.8649366	0.87569577	0.85628	0.91446066	0.831089	0.9017533	0.8075335	0.9115496	0.88730323	0.83560765	0.8319816	0.8849685	0.81059086	0.8335018	0.7859307	0.87713295	0.8629595	0.8359032	0.9123477	0.8853465	0.8543603	0.91929245	0.8470056	0.88578725
braaf/adj	0.6991	0.90045905	0.0	0.87397933	0.8576869	0.8358793	0.9100824	0.93610036	0.82498235	0.9435202	0.85666823	0.88034385	0.83245695	0.8522545	0.97592205	0.92150944	0.91979903	0.82932746	0.8939544	0.81350744	0.9364257	0.9099828	0.9460601	0.9270696	0.9539126	0.9411859	0.9081255	0.90922713	0.890516	0.8220309	0.91855013	0.85449064	0.8490569	0.8540649	0.90867937	0.7606543	0.78500617	0.91011065	0.8780397	0.9442336	0.94067633	0.87406206	0.92441386	0.9692774	0.8669348	0.7908196	0.9094264	0.827253	0.91220516	0.90423155	0.91615003	0.8244799	0.8990135	0.9175889	0.90189564	0.94298536	0.87094283	0.8888182	0.81102365	0.7606394	0.870746	0.9137651	0.8375813	0.8164512	0.9104169	0.7423271	0.9432553	0.9261843	0.93073434	0.90138626	0.9113213	0.75274336	0.90436214	0.960312	0.8605192	0.7379519	0.7971215	0.75393194	0.8296856	0.930166	0.91230464	0.83041114	0.9056107	0.848777	0.91543895	0.84631276	0.9285138	0.8129846	0.91661334	0.7215824	0.90247744	0.9477146	0.7210722	0.8489527	0.7973155	0.8330474	0.8576246	0.8787408	0.88703537	0.944435	0.78605986	0.7300536	0.82224274	0.91634077	0.87671363	0.9243175	0.84995747	0.8340513	0.9280311	0.90959513	0.81918955	0.8706181	0.9043263	0.93443894	0.9213683	0.84797466	0.9083844	0.8745351	0.9152001	0.91582125	0.9198276	0.83189255	0.923407	0.84814227	0.9015199	0.85398006	0.91797096	0.8403015	0.9582516	0.9164425	0.93501127	0.8793128	0.863224	0.9088044	0.8825839	0.9602077	0.7005635	0.82706666	0.88142395	0.79785174	0.92066246	0.86785775	0.873888	0.8420254	0.8893036	0.7631315	0.8486893	0.9375911	0.9615876	0.8784114	0.923079	0.89118683	0.84820855	0.9123695	0.78216475	0.9256875	0.93676734	0.87701756	0.8893955	0.93152267	0.89792657	0.9130309	0.77434576	0.82738614	0.814229	0.8928355	0.9371429	0.9362879	0.7807983	0.91910976	0.8679946	0.8330461	0.9093276
nieuws/noun	0.84840214	0.9198793	0.87397933	0.0	0.82828295	0.8430109	0.8075011	0.8700814	0.86646247	0.8020108	0.9417627	0.8646209	0.8135897	0.8359511	0.9749083	0.84809035	0.79166555	0.8201736	0.86834276	0.7750356	0.91147083	0.73966557	0.9180365	0.82770264	0.93813914	0.9347664	0.84193015	0.8653543	0.8914315	0.8031658	0.8921525	0.8152613	0.8946628	0.8592	0.9195928	0.83601034	0.82395357	0.8692575	0.8564567	0.8447705	0.8414071	0.9036076	0.8537146	0.9307181	0.8594222	0.8354134	0.8535141	0.87428164	0.8524392	0.8327774	0.8693149	0.8602526	0.8812141	0.89489985	0.8167554	0.86224073	0.8795748	0.8385093	0.84276986	0.83943236	0.78916043	0.8095502	0.8662701	0.8912339	0.9030824	0.8282437	0.9220896	0.8860804	0.77997994	0.8607035	0.85511905	0.7728429	0.7873024	0.76059914	0.89882004	0.84319615	0.84351027	0.83873755	0.82542694	0.8467224	0.86526096	0.88800997	0.8913153	0.7999935	0.87974286	0.8079424	0.9044282	0.87390596	0.8767284	0.83055663	0.86554986	0.9363484	0.79372036	0.88561386	0.81577605	0.8455679	0.77165455	0.85025626	0.8205794	0.9467955	0.9009894	0.8290194	0.85314465	0.89689296	0.6138654	0.8621843	0.85757303	0.8156651	0.91415036	0.9011336	0.90709156	0.8456506	0.91776866	0.7882757	0.66403234	0.8625274	0.9295818	0.813656	0.84420013	0.8714846	0.8917153	0.8737468	0.7827163	0.8344959	0.809832	0.9072231	0.91206515	0.872879	0.9233657	0.89731294	0.8975462	0.91073805	0.8625903	0.85867494	0.84917516	0.90346456	0.8178603	0.81269217	0.9079058	0.8271299	0.9134974	0.77701426	0.8499424	0.8272229	0.85720336	0.86297125	0.84413624	0.81821245	0.9665701	0.84531176	0.8433434	0.84736764	0.91328335	0.9349235	0.8289567	0.88631594	0.8924254	0.8800865	0.8335515	0.79186547	0.8368939	0.7194075	0.82996786	0.8115244	0.8732606	0.78551763	0.81771946	0.9278886	0.7936399	0.8604576	0.86121124	0.88070774	0.8870095
bekentenis/noun	0.871611	0.81906086	0.8576869	0.82828295	0.0	0.8402294	0.6907722	0.9265352	0.8822571	0.8479098	0.9082182	0.8196388	0.76398176	0.8187692	0.845042	0.82796055	0.76821506	0.54529345	0.8433641	0.79158497	0.8493508	0.8517435	0.86549264	0.8361288	0.87488246	0.8571455	0.85440683	0.81577533	0.8318807	0.72368586	0.8712374	0.7705404	0.8164812	0.8317902	0.9020542	0.8905384	0.7667513	0.84698725	0.77328765	0.90966564	0.8321831	0.8704911	0.81219995	0.82852125	0.8294637	0.7380904	0.8565289	0.88555294	0.75376964	0.59580827	0.85040027	0.7753811	0.86016595	0.849651	0.7754698	0.87478733	0.7285031	0.8462317	0.73617435	0.8401678	0.71722555	0.7720781	0.8154614	0.8991096	0.8868292	0.81720334	0.8803878	0.53130615	0.8820694	0.8301451	0.8235763	0.77839863	0.84196156	0.8517071	0.8491036	0.84566706	0.8709191	0.8754445	0.79132473	0.81928587	0.8301232	0.8117647	0.82128733	0.6674458	0.80048513	0.7740681	0.7375956	0.84161466	0.9054889	0.7960787	0.7832733	0.89302945	0.7688457	0.9070957	0.84355116	0.8516785	0.7749425	0.8271358	0.54277563	0.81495196	0.84765255	0.8410484	0.8345795	0.8799695	0.7281903	0.7647969	0.773301	0.7942407	0.9113872	0.9088845	0.80678934	0.77511674	0.8849141	0.8529699	0.88039666	0.8481951	0.8285032	0.7836382	0.74552304	0.6137248	0.84480834	0.8197557	0.8159975	0.80606365	0.8526351	0.8484348	0.8579271	0.8230628	0.6962559	0.8329189	0.7030369	0.8849884	0.8769918	0.8722924	0.84603715	0.9151447	0.82989305	0.86487734	0.89671487	0.8619722	0.88137764	0.8235245	0.8150992	0.79481304	0.8509586	0.8482158	0.79489857	0.86560017	0.9116068	0.85957754	0.8343699	0.7572962	0.86995614	0.9026674	0.8509813	0.841592	0.9011464	0.8569155	0.7498205	0.8382556	0.8473525	0.7245209	0.72143054	0.6811589	0.8413555	0.7088773	0.76421666	0.72396994	0.86730313	0.8083484	0.61454004	0.83495015	0.800375
duur_voort/adj	0.6672299	0.9078066	0.8358793	0.8430109	0.8402294	0.0	0.87976736	0.960783	0.7920276	0.9461025	0.86311877	0.7991064	0.6969868	0.8165341	0.9636983	0.84017456	0.87674874	0.7985307	0.83785295	0.82291794	0.8695566	0.8913184	0.8775843	0.8532012	0.9407818	0.91788673	0.8447927	0.82913023	0.8741455	0.71380174	0.87767184	0.8690614	0.7945926	0.8102755	0.9248271	0.78003585	0.7745455	0.8574945	0.8689391	0.9038122	0.9519636	0.8223872	0.89314526	0.8942742	0.77694905	0.7479408	0.90754366	0.7197403	0.7514035	0.81513524	0.8467779	0.68643224	0.8361999	0.8643129	0.87579083	0.8905556	0.8707458	0.7601491	0.70560455	0.74465346	0.85453546	0.87645465	0.7736878	0.78048384	0.89506435	0.6829114	0.9352744	0.86326563	0.8483125	0.7629345	0.84672505	0.7858097	0.9213616	0.89959747	0.70314515	0.791149	0.80598944	0.78155607	0.786764	0.77124125	0.8851167	0.7383745	0.8592262	0.8237805	0.8458706	0.7515126	0.90113246	0.89387524	0.8459665	0.66804814	0.7905422	0.9132462	0.785545	0.87203306	0.65608424	0.8237342	0.7875054	0.81983393	0.8138896	0.9796783	0.90366447	0.7722573	0.7878415	0.8352625	0.83679307	0.8774346	0.79753804	0.79251015	0.9196798	0.9170383	0.8634292	0.8517915	0.89227355	0.93335056	0.9074987	0.8308898	0.8420626	0.86587775	0.8723551	0.8704467	0.8589798	0.75242436	0.80955064	0.8187289	0.8648531	0.88493836	0.8484124	0.82368046	0.9333033	0.8665858	0.805525	0.82368565	0.81996775	0.8674518	0.85687995	0.9174918	0.76952857	0.5818125	0.9027681	0.7400449	0.8470408	0.8741344	0.82429945	0.7447854	0.88292617	0.77304655	0.8311942	0.9449717	0.9723292	0.8520475	0.85286605	0.7916219	0.78296804	0.8672119	0.8122539	0.83495426	0.94694436	0.8285055	0.84433794	0.8815501	0.8338271	0.8765049	0.70329714	0.79607403	0.76414263	0.8339616	0.89126754	0.9010538	0.7664367	0.8053794	0.8168309	0.72731096	0.85346437
vonnis/noun	0.9105685	0.8885132	0.9100824	0.8075011	0.6907722	0.87976736	0.0	0.77411485	0.8818243	0.67507416	0.88971186	0.74722964	0.80597746	0.72798264	0.7853302	0.73607755	0.54532015	0.7352283	0.8347014	0.74153703	0.82301867	0.7598936	0.83176	0.8610512	0.61767316	0.7644305	0.8693202	0.7248684	0.8056615	0.728737	0.8189493	0.5743321	0.854589	0.84541994	0.87879646	0.8805692	0.81416726	0.711206	0.60241413	0.89417535	0.79680467	0.7641338	0.7498154	0.75300264	0.8370993	0.7469925	0.7160928	0.91086835	0.7513897	0.65334153	0.749689	0.81870294	0.9082545	0.7064661	0.6965164	0.8900946	0.73128307	0.79226285	0.7336086	0.857253	0.35251045	0.56098235	0.8749044	0.90521955	0.8326267	0.8341634	0.8526127	0.66591394	0.89720076	0.83514816	0.8173651	0.8239761	0.7391349	0.8657099	0.857542	0.8599579	0.85643756	0.8830115	0.7818093	0.7455024	0.79118055	0.80286217	0.68302053	0.6944928	0.6684714	0.72004557	0.4473973	0.8680075	0.8020326	0.8305192	0.8083005	0.76012933	0.8605916	0.8846359	0.912243	0.8235784	0.76413965	0.7927681	0.6886983	0.83887506	0.90580493	0.85909414	0.8474581	0.9061655	0.73917955	0.55689013	0.7480813	0.85353595	0.92196375	0.908144	0.8665366	0.83983475	0.90537435	0.66952986	0.73705137	0.82592136	0.67189103	0.7410042	0.33798546	0.4769019	0.8020715	0.86290205	0.8264523	0.82783556	0.86597383	0.86877775	0.78545034	0.8632129	0.4691534	0.7428006	0.6952678	0.8738519	0.8457635	0.74529386	0.8767762	0.79208505	0.8535376	0.89083105	0.9289393	0.91084284	0.8943624	0.8402174	0.7732792	0.81526875	0.90377486	0.91411614	0.824751	0.6899095	0.9503722	0.8167427	0.75699234	0.7617777	0.9076787	0.8651304	0.84231013	0.7813408	0.91438395	0.8583785	0.68744695	0.82151014	0.85687274	0.66720533	0.7729853	0.737796	0.90108025	0.7540004	0.76191175	0.65224916	0.87153375	0.7950883	0.78452283	0.82379144	0.81192064
zaterdag/noun	0.95204335	0.7947313	0.93610036	0.8700814	0.9265352	0.960783	0.77411485	0.0	0.9479797	0.22035754	0.93694043	0.939669	0.9183521	0.96537805	0.9422381	0.96867883	0.90221965	0.94404453	0.94248724	0.94514704	0.95137805	0.5572427	0.9597796	0.7651944	0.80420613	0.8535183	0.7448786	0.9170543	0.89345324	0.9214116	0.91974807	0.95478034	0.9622155	0.8964557	0.89527047	0.94997275	0.9454964	0.9669533	0.91428316	0.91944474	0.9404204	0.98288095	0.9288944	0.9387878	0.95524895	0.96238446	0.8333875	0.9398071	0.9312468	0.9495633	0.92849004	0.9113138	0.91924363	0.91454893	0.9103404	0.95581686	0.92483836	0.93576324	0.931314	0.920802	0.79954773	0.93841517	0.81885386	0.96957994	0.92103004	0.95370924	0.94899833	0.91277075	0.75755054	0.96315145	0.90938914	0.9370919	0.77435565	0.94755787	0.95942587	0.9536936	0.9644889	0.9436821	0.9467008	0.94161	0.87059724	0.9272734	0.9591712	0.9167325	0.9492708	0.94461226	0.88560396	0.8994349	0.5576045	0.9335751	0.91853863	0.9118603	0.96291465	0.937597	0.90205127	0.97675085	0.93915737	0.9022846	0.963538	0.81160444	0.84521085	0.9601465	0.9789237	0.92432773	0.90950274	0.88187873	0.93512964	0.82282156	0.8478272	0.78243476	0.9004277	0.9137167	0.8450272	0.24998373	0.8020642	0.9161058	0.9670938	0.8646522	0.82062125	0.9531499	0.941519	0.8649692	0.94753003	0.9438129	0.6026064	0.8890592	0.93411934	0.96389383	0.82443297	0.97445756	0.9259782	0.9037416	0.9160785	0.95604867	0.85418034	0.940859	0.94619036	0.96834636	0.86846244	0.8897666	0.82580197	0.48490924	0.87169594	0.8721242	0.83862615	0.92840284	0.9457182	0.17021382	0.90157056	0.88277006	0.7963586	0.890394	0.9464325	0.77019644	0.97064894	0.9415266	0.87292635	0.8848446	0.91460586	0.71011674	0.89159966	0.7290215	0.9007395	0.95434105	0.9546662	0.78783214	0.9011453	0.92703307	0.9474259	0.9006128	0.9201987	0.95731705	0.8687081
nu/adv	0.65546864	0.8863314	0.82498235	0.86646247	0.8822571	0.7920276	0.8818243	0.9479797	0.0	0.92658114	0.854738	0.86687887	0.8997752	0.8442127	0.9535547	0.8295227	0.8333312	0.9046412	0.84200716	0.74996233	0.8843659	0.78747106	0.8949715	0.8774686	0.9310248	0.88314575	0.80783975	0.83613485	0.8887783	0.84099203	0.8684676	0.8664513	0.8572935	0.8708379	0.91739154	0.5944738	0.902334	0.864161	0.8747043	0.87254965	0.93881387	0.83927006	0.88202846	0.8939389	0.8593414	0.73006886	0.788012	0.7390227	0.82589346	0.903708	0.83140165	0.7833302	0.9066505	0.8643515	0.88123107	0.8640739	0.90290624	0.77438617	0.6856669	0.8491189	0.8900316	0.82128197	0.7672757	0.68271214	0.86126393	0.700811	0.93782175	0.88115543	0.8608092	0.8335484	0.88011074	0.7690768	0.8800187	0.88422716	0.745909	0.6467844	0.61853194	0.4801004	0.85787773	0.8300091	0.86846894	0.80684125	0.87046856	0.88172066	0.88028026	0.713062	0.903516	0.92647564	0.91102815	0.61172664	0.86948395	0.90818727	0.8916194	0.85722524	0.752153	0.8410281	0.87670743	0.8916195	0.89684033	0.97995174	0.9319717	0.67414075	0.86126053	0.9188424	0.88309956	0.88236654	0.8644069	0.7948415	0.88392746	0.896332	0.8790725	0.6652837	0.8966146	0.901789	0.9071428	0.8617265	0.8593568	0.91459596	0.88232803	0.88662827	0.8731942	0.67646146	0.91763383	0.89064497	0.8681938	0.90746236	0.9007069	0.8105192	0.93026686	0.8315803	0.9001354	0.8609076	0.8558744	0.8387051	0.89637744	0.9022971	0.68102497	0.6877352	0.92254514	0.65187526	0.85337514	0.88035834	0.8692982	0.594733	0.809793	0.8697552	0.8637593	0.9295647	0.9853784	0.77833724	0.8869745	0.8723132	0.80513144	0.92924815	0.6506022	0.8577792	0.8102926	0.6832849	0.8428434	0.78819525	0.88811684	0.8827966	0.69122756	0.8761885	0.6553898	0.87218964	0.89072824	0.8974682	0.6562302	0.87633294	0.90582764	0.72688997	0.8716901
dinsdag/noun	0.9696704	0.8708224	0.9435202	0.8020108	0.8479098	0.9461025	0.67507416	0.22035754	0.92658114	0.0	0.9050266	0.86083144	0.8556441	0.881491	0.8982763	0.8924578	0.76547396	0.88669425	0.9227484	0.8930852	0.89919895	0.42377764	0.90414107	0.777372	0.75387394	0.8697152	0.71692646	0.83596766	0.8147707	0.8393027	0.88574654	0.87246215	0.9579461	0.86573374	0.8757084	0.9605747	0.9245498	0.87819517	0.85985667	0.8903744	0.8219498	0.9556641	0.89320695	0.8826857	0.9266939	0.9025056	0.7695666	0.9333929	0.8280901	0.8565722	0.83028585	0.8528819	0.89115417	0.8566594	0.8088511	0.90484476	0.82690966	0.9000034	0.8719288	0.8827988	0.7032789	0.8505026	0.8071794	0.9670077	0.8852601	0.9420453	0.8219962	0.80413115	0.7013329	0.9256469	0.8641671	0.9095772	0.81378657	0.8698724	0.9267023	0.9680248	0.95828086	0.94246215	0.905231	0.87969387	0.8238117	0.8816921	0.8894348	0.8522933	0.8718197	0.89025724	0.77584225	0.86648643	0.6126476	0.9093758	0.8321087	0.82427746	0.9548986	0.9227866	0.89041096	0.94291407	0.8665209	0.8290674	0.87907743	0.8199757	0.8583194	0.95771164	0.9569285	0.8760328	0.7999251	0.76299256	0.9012921	0.7706785	0.8943008	0.8598388	0.88098866	0.8323875	0.88269687	0.10078269	0.7052274	0.8626704	0.9045389	0.7531791	0.7470031	0.85855275	0.8905672	0.8565477	0.8827541	0.87950397	0.6137831	0.8815952	0.9072667	0.9382534	0.7002591	0.90859216	0.8366325	0.91612774	0.8856741	0.86256975	0.8335948	0.8425945	0.9520199	0.96232677	0.888053	0.88900054	0.8587431	0.5163366	0.82197154	0.81917626	0.8477323	0.92222077	0.9055182	0.07857394	0.93045646	0.88567895	0.74380517	0.81141067	0.9308083	0.8599987	0.9524979	0.8255384	0.8352558	0.8730794	0.7887972	0.5909379	0.8767612	0.49924958	0.8572286	0.8920118	0.95214427	0.6498651	0.8168248	0.856426	0.9423522	0.8534746	0.8261182	0.90728366	0.8278475
kamer/noun	0.8532017	0.95628524	0.85666823	0.9417627	0.9082182	0.86311877	0.88971186	0.93694043	0.854738	0.9050266	0.0	0.8977987	0.8536389	0.9055386	0.8854476	0.93579596	0.923176	0.8711648	0.911059	0.90265375	0.9364541	0.8962778	0.9245845	0.881154	0.8910745	0.9196529	0.7302685	0.9143043	0.895481	0.9106214	0.8993255	0.9172815	0.91170466	0.93482983	0.93035465	0.8836985	0.8596366	0.9184032	0.89090765	0.9313712	0.96448594	0.92015964	0.91961753	0.91140693	0.8489146	0.8623606	0.9131976	0.8892143	0.84683216	0.9167385	0.9346292	0.7472347	0.8804301	0.9035649	0.92046326	0.8449774	0.869288	0.9153694	0.8423934	0.80466694	0.9246887	0.9312517	0.78305805	0.8574488	0.90856284	0.86093974	0.96238434	0.82621276	0.8983482	0.9036648	0.9422978	0.91062087	0.94501394	0.9501013	0.8545499	0.92103446	0.9232542	0.85785496	0.92131734	0.8732743	0.916646	0.7945787	0.9069017	0.9262178	0.9264739	0.9210879	0.8572643	0.94668984	0.9037356	0.7546453	0.92352694	0.9184844	0.87476546	0.82106906	0.79327846	0.89264435	0.9136047	0.96007496	0.9211763	0.95423126	0.9081184	0.90327793	0.90677	0.88155246	0.91069543	0.87177444	0.8721098	0.81165767	0.89696795	0.90794635	0.86466384	0.8092861	0.9180285	0.89236736	0.9514568	0.90611106	0.90876514	0.88167644	0.8816517	0.8726964	0.9326841	0.78429854	0.90601027	0.91279334	0.88366055	0.8828746	0.9367898	0.8839115	0.864964	0.89640474	0.8923117	0.9108677	0.82790565	0.90171474	0.8924563	0.9488143	0.89424914	0.87863624	0.89933383	0.80949074	0.83130705	0.83717746	0.9301248	0.8214421	0.87698525	0.73351467	0.9217741	0.90932053	0.98033047	0.9433061	0.9329072	0.92089164	0.88837963	0.95083845	0.94064766	0.9246302	0.8465939	0.857446	0.9163492	0.86443245	0.88185894	0.8874153	0.8478546	0.91863966	0.9275009	0.84278166	0.9351199	0.8937938	0.8919935	0.9121763	0.85953563	0.89181226	0.9244178
uitdrukkelijk/adj	0.84182006	0.831752	0.88034385	0.8646209	0.8196388	0.7991064	0.74722964	0.939669	0.86687887	0.86083144	0.8977987	0.0	0.777872	0.6925811	0.9280431	0.7329333	0.70058125	0.7817263	0.8077955	0.6937418	0.7384542	0.7802785	0.7917866	0.8787663	0.7800734	0.8568229	0.9276699	0.6832831	0.7756494	0.6334741	0.73189044	0.76401067	0.7876214	0.8083592	0.8136628	0.8243315	0.7859465	0.6962839	0.7818307	0.8776201	0.78017884	0.7602503	0.74602705	0.8235675	0.81690854	0.7284747	0.7635856	0.88265646	0.7576404	0.77107346	0.66947293	0.78923833	0.8948902	0.6667745	0.7099885	0.8347372	0.7671601	0.7380841	0.6733582	0.8186219	0.72537315	0.74999124	0.8824588	0.8549812	0.7896212	0.74463254	0.715667	0.8176858	0.9036757	0.7633802	0.78846735	0.72130316	0.8737641	0.8434992	0.6914598	0.82970536	0.8021838	0.8769016	0.7522366	0.69337356	0.7392189	0.728247	0.6629982	0.74838936	0.69192505	0.6996182	0.7133383	0.8281175	0.8811206	0.80523205	0.7032509	0.748092	0.87422514	0.85442567	0.89348936	0.793093	0.74110633	0.69876945	0.7293988	0.91237026	0.88798165	0.8323157	0.7994195	0.83349055	0.738399	0.7007122	0.7489451	0.87513417	0.9503362	0.8904068	0.82745874	0.80708295	0.90950125	0.8502991	0.8836939	0.71779263	0.64749575	0.68616354	0.7195328	0.77008516	0.79370826	0.8708855	0.8136001	0.6932758	0.847036	0.84082454	0.8341729	0.81824493	0.7903172	0.7104446	0.82399416	0.8675603	0.79705805	0.74417543	0.85549384	0.73409367	0.8307265	0.8158901	0.88385	0.91397375	0.8866914	0.8955864	0.76257217	0.7859715	0.90751284	0.83068943	0.7951039	0.8679957	0.95870745	0.8019462	0.8122579	0.7121158	0.8551445	0.8947612	0.8260973	0.6297425	0.91895413	0.86231357	0.5599197	0.8531474	0.78315127	0.6825993	0.7490945	0.72617877	0.8161577	0.7755418	0.7553776	0.75895166	0.7694568	0.78414404	0.80974096	0.7148918	0.824952
door/prep	0.89275783	0.87539357	0.83245695	0.8135897	0.76398176	0.6969868	0.80597746	0.9183521	0.8997752	0.8556441	0.8536389	0.777872	0.0	0.8050779	0.9333021	0.8027097	0.78345716	0.7411797	0.80177355	0.7969906	0.8191542	0.8272161	0.8466613	0.7626569	0.84229094	0.85799557	0.8793421	0.7901674	0.8148939	0.75246686	0.7769941	0.8088138	0.8187206	0.7988474	0.831524	0.8876285	0.79002005	0.7810318	0.80718106	0.8646117	0.8169582	0.834723	0.8279565	0.8490627	0.6569022	0.7014383	0.81653404	0.79026484	0.7454215	0.7551011	0.80043566	0.68568176	0.853288	0.7828127	0.77164835	0.81390387	0.70826495	0.7613871	0.7189492	0.74728036	0.8083391	0.8201108	0.7467226	0.9060452	0.86979115	0.75498676	0.8523911	0.7521385	0.8124871	0.7626121	0.7683297	0.75790167	0.88072765	0.7844844	0.78903747	0.89245445	0.89921343	0.89747924	0.7942248	0.70077085	0.8530688	0.7180958	0.7707721	0.7608503	0.778349	0.78802913	0.7986026	0.78371364	0.87747025	0.7984156	0.7461225	0.8084446	0.84322774	0.8507195	0.7410948	0.8420558	0.74731475	0.7783226	0.7622136	0.89880216	0.79598856	0.8757596	0.86111104	0.81265277	0.7891782	0.7574813	0.78502774	0.7205993	0.91342103	0.88963675	0.78635216	0.7602192	0.8804568	0.8451837	0.8683165	0.844941	0.79338413	0.8167552	0.7983703	0.77962434	0.8505678	0.7791635	0.769346	0.745752	0.7848118	0.810424	0.8491222	0.8154969	0.82043445	0.80311525	0.65084606	0.8448476	0.7644129	0.8116086	0.78793526	0.80756015	0.8378829	0.78607	0.8056233	0.85404813	0.85116625	0.78601253	0.8028229	0.7475271	0.875335	0.7193823	0.7834486	0.86196893	0.93250483	0.87420356	0.80009687	0.7444408	0.843085	0.8260025	0.8829287	0.73428583	0.88092273	0.8832204	0.7496532	0.8578015	0.7383768	0.71778536	0.77608347	0.76185125	0.88929754	0.6453774	0.79420096	0.84512347	0.853493	0.7754997	0.7287166	0.7529598	0.7970225
standpunt/noun	0.82729304	0.8187062	0.8522545	0.8359511	0.8187692	0.8165341	0.72798264	0.96537805	0.8442127	0.881491	0.9055386	0.6925811	0.8050779	0.0	0.95946544	0.6846833	0.53313625	0.78543365	0.8344599	0.6975342	0.75143635	0.7796358	0.80737615	0.93535763	0.8217838	0.8836416	0.942925	0.73010886	0.7895928	0.6885259	0.7396399	0.5767767	0.6441433	0.72472894	0.7784716	0.82762486	0.79458386	0.61482084	0.79340386	0.91307545	0.77518123	0.7016722	0.7890031	0.86646664	0.83565974	0.79593796	0.8011261	0.8937329	0.87052846	0.7387961	0.7206668	0.8296067	0.89631075	0.7201235	0.6895398	0.8558421	0.8137568	0.7642418	0.7287609	0.8519672	0.59655064	0.57542336	0.89961165	0.88115036	0.7253314	0.8125422	0.73513263	0.88244516	0.88975734	0.83276796	0.7537332	0.7032244	0.7969537	0.88673306	0.80626845	0.80551195	0.8137647	0.8774784	0.5075866	0.8092639	0.67551726	0.79703784	0.67455816	0.6984998	0.73343	0.72599375	0.7971077	0.88699174	0.91604555	0.8255281	0.75352377	0.71849334	0.8136798	0.7727442	0.9053987	0.52562535	0.7402721	0.7259339	0.6897503	0.94670945	0.92943966	0.8300462	0.7711731	0.88303494	0.6879562	0.7731184	0.52554595	0.91200435	0.9685619	0.9475962	0.8739781	0.84314495	0.92559636	0.86821216	0.8687392	0.70850545	0.7365523	0.7340067	0.71218085	0.7657764	0.81456554	0.8986193	0.7657717	0.6723025	0.8501116	0.8633611	0.8273952	0.7920568	0.87008405	0.7129892	0.9001907	0.87799734	0.82585514	0.64081615	0.8623794	0.75231373	0.79623514	0.80464244	0.9053756	0.906955	0.91482854	0.9228904	0.80040616	0.7936294	0.93828696	0.8839132	0.8195561	0.8865351	0.97773457	0.83677316	0.8544475	0.7412945	0.85160166	0.93090457	0.81079364	0.6400149	0.9448126	0.89832664	0.6744747	0.86674637	0.87782717	0.6988481	0.80731845	0.6607976	0.874358	0.8490716	0.77995133	0.83777934	0.8080032	0.77477485	0.8938755	0.7421483	0.8150455
probatie_uitstel/noun	0.97668856	0.92262304	0.97592205	0.9749083	0.845042	0.9636983	0.7853302	0.9422381	0.9535547	0.8982763	0.8854476	0.9280431	0.9333021	0.95946544	0.0	0.9191788	0.94722426	0.9172616	0.9241718	0.9520786	0.9268565	0.959163	0.9350074	0.8875567	0.9186316	0.8297675	0.8448189	0.9308639	0.959006	0.9331197	0.94267017	0.9259572	0.9471489	0.97154063	0.95232123	0.9661455	0.9509802	0.943464	0.8829469	0.92310935	0.92077595	0.9447268	0.9280176	0.9156428	0.92204237	0.8875944	0.939791	0.9774996	0.8963936	0.87045854	0.940001	0.95413196	0.9472421	0.9422428	0.9254696	0.931665	0.8987899	0.94978094	0.9008576	0.96540093	0.9015688	0.9491502	0.9427133	0.9803867	0.9710368	0.9555518	0.98145705	0.7343897	0.8649822	0.94483525	0.93714696	0.9577049	0.96434546	0.9372723	0.9604151	0.96809703	0.95711815	0.9707609	0.9547943	0.8939106	0.9351151	0.92777586	0.928834	0.92702484	0.8834215	0.9331301	0.81524944	0.95637876	0.94415087	0.94044614	0.9465966	0.95396	0.9660776	0.926315	0.96960014	0.9705305	0.90869075	0.9581231	0.90756977	0.8471495	0.9660205	0.9674828	0.96394366	0.95768136	0.94881666	0.89652663	0.9450484	0.9160112	0.9002403	0.9175408	0.9112322	0.9058171	0.91689867	0.9165872	0.9516931	0.9430686	0.9370057	0.9602282	0.8860006	0.7057873	0.9464435	0.9619655	0.97740346	0.9657737	0.9603061	0.95714843	0.92122966	0.95983577	0.7125751	0.9310588	0.76356864	0.944116	0.96068406	0.9522314	0.9496469	0.95862645	0.95670116	0.97458464	0.95344365	0.9723423	0.8560639	0.9186869	0.9460419	0.9331572	0.8948799	0.91176516	0.958899	0.9104113	0.93909246	0.9354173	0.92209744	0.9411026	0.9819322	0.949478	0.9696362	0.9610017	0.8101282	0.8809905	0.9231505	0.9012735	0.9377525	0.8654598	0.9157871	0.9385903	0.97177106	0.8768977	0.92539793	0.8253399	0.94600713	0.93949133	0.86681587	0.95125836	0.94815856
maatregel/noun	0.9030747	0.82707494	0.92150944	0.84809035	0.82796055	0.84017456	0.73607755	0.96867883	0.8295227	0.8924578	0.93579596	0.7329333	0.8027097	0.6846833	0.9191788	0.0	0.5543431	0.83683085	0.82464254	0.7101269	0.62243223	0.82055324	0.61332583	0.9128525	0.84662414	0.8251903	0.9223966	0.52467954	0.828553	0.7509755	0.78294635	0.7724349	0.86703503	0.8759	0.8621599	0.7740389	0.82511514	0.6607808	0.8059087	0.8777127	0.83258617	0.58649254	0.70288014	0.77160466	0.78126895	0.69964945	0.7907791	0.826802	0.76326144	0.75822186	0.6522879	0.83677375	0.92294633	0.6174402	0.69101477	0.6965271	0.8319636	0.7371071	0.7295512	0.8673257	0.7100571	0.5871018	0.89859486	0.88752127	0.781661	0.7878388	0.7394673	0.8426571	0.8637576	0.70345426	0.70965475	0.7601939	0.87329507	0.7427608	0.6380302	0.8497186	0.8119769	0.8526651	0.7110571	0.64428496	0.62102795	0.71187776	0.56006837	0.72958493	0.528345	0.6755892	0.8255482	0.9227935	0.9107705	0.84262276	0.77867883	0.7921251	0.90249294	0.902085	0.91957617	0.84762216	0.6521892	0.81107557	0.7591121	0.9533362	0.9508265	0.8190964	0.87667173	0.88342196	0.739488	0.78226763	0.7842796	0.9410465	0.9402968	0.9473329	0.91723186	0.8249152	0.9271149	0.86707747	0.843604	0.82276815	0.56814766	0.7724774	0.7237507	0.70361245	0.855271	0.8767322	0.8309277	0.7849242	0.86363935	0.92252624	0.8460741	0.8344732	0.8436195	0.40335494	0.784671	0.882122	0.8147895	0.5462142	0.86815953	0.6999688	0.8069987	0.83421946	0.92837524	0.90096885	0.896534	0.9275369	0.8079126	0.7929641	0.9399051	0.8697194	0.81666815	0.898302	0.98409355	0.7378032	0.6991184	0.78558445	0.84785736	0.92033356	0.7662058	0.6566467	0.91095567	0.86321664	0.69338536	0.84624356	0.7989826	0.7712618	0.85598457	0.7454512	0.9041221	0.83664507	0.6653868	0.7728568	0.7613277	0.4651237	0.8800473	0.7208247	0.87496066
besluit/noun	0.9015473	0.83526325	0.91979903	0.79166555	0.76821506	0.87674874	0.54532015	0.90221965	0.8333312	0.76547396	0.923176	0.70058125	0.78345716	0.53313625	0.94722426	0.5543431	0.0	0.81890893	0.8158761	0.69517314	0.6942104	0.69109315	0.6959865	0.84427726	0.7233235	0.78752506	0.90386075	0.58421075	0.726362	0.6919994	0.73509383	0.5791027	0.8366519	0.82874256	0.8114614	0.838325	0.8285216	0.5938676	0.6962056	0.85848886	0.72571105	0.7107069	0.68544114	0.74322236	0.81770474	0.7204207	0.63810027	0.8942785	0.7541028	0.71253586	0.6545316	0.7976786	0.87118685	0.56699264	0.48401082	0.77656484	0.73290336	0.7384509	0.7245984	0.83097327	0.47181463	0.26628488	0.8582481	0.8969327	0.7504708	0.82084453	0.6865894	0.83221906	0.8320134	0.78298354	0.7370768	0.76136804	0.73809826	0.76279455	0.78024656	0.85468674	0.83144593	0.8587105	0.6790012	0.683432	0.6419169	0.7401763	0.57325494	0.70742273	0.59918654	0.6841825	0.66534424	0.8294874	0.8899086	0.83238274	0.71111614	0.66102725	0.89379793	0.8665648	0.9098458	0.7822276	0.7269728	0.7029555	0.6881207	0.91787434	0.9334091	0.8773794	0.8439103	0.8319555	0.6261749	0.6380544	0.7361896	0.84423757	0.9476968	0.91803557	0.8705553	0.79475653	0.9114944	0.74294436	0.7516912	0.7921352	0.5968126	0.6862391	0.5618495	0.69546545	0.77931404	0.8529192	0.8145725	0.74494237	0.79156	0.85782343	0.8570002	0.83386904	0.7721216	0.61030257	0.80240816	0.86706835	0.80435276	0.52545106	0.8493494	0.6171056	0.8360344	0.88663507	0.92739576	0.8833878	0.90677965	0.8815353	0.74555814	0.7851246	0.9030523	0.9197341	0.8038926	0.7736075	0.97945666	0.7775576	0.74509925	0.6772551	0.88378763	0.8857845	0.8129336	0.61323935	0.9053728	0.8524799	0.53466153	0.75841343	0.8507863	0.6061268	0.7862861	0.7107645	0.892056	0.6996983	0.6442394	0.74898374	0.84800696	0.75802296	0.8661834	0.7144548	0.79285324
getuigenis/noun	0.85434693	0.8461163	0.82932746	0.8201736	0.54529345	0.7985307	0.7352283	0.94404453	0.9046412	0.88669425	0.8711648	0.7817263	0.7411797	0.78543365	0.9172616	0.83683085	0.81890893	0.0	0.8191802	0.78272915	0.87109137	0.8333333	0.90445155	0.8634119	0.86600137	0.91010344	0.8707778	0.8192686	0.85427326	0.7568797	0.8700767	0.7287358	0.7816898	0.83303565	0.901077	0.8961331	0.6726028	0.8071451	0.8115819	0.8990587	0.857257	0.85724324	0.8370352	0.8565425	0.79438066	0.7800768	0.8943913	0.90158015	0.84613407	0.62731695	0.8690295	0.7959678	0.88563836	0.84746623	0.81294805	0.87053776	0.76482725	0.8727906	0.75312316	0.8228507	0.7135613	0.80509746	0.8655053	0.89436746	0.86904377	0.80413043	0.8826685	0.6682733	0.86895204	0.8250055	0.8581837	0.78385127	0.853135	0.90192723	0.8449453	0.8645463	0.8846197	0.91308033	0.7793033	0.8303219	0.8375244	0.84463763	0.8143215	0.6488441	0.8591443	0.7731544	0.75112414	0.79581213	0.8979491	0.82574123	0.81800884	0.87290776	0.61320746	0.83217144	0.8474998	0.7807077	0.7608124	0.8153634	0.5391314	0.8794678	0.78790367	0.801508	0.7724825	0.8806731	0.7532001	0.7872656	0.7121703	0.83598155	0.9366436	0.9015736	0.80356145	0.7765956	0.90559995	0.8776859	0.87607765	0.8349112	0.8379723	0.6937201	0.74928916	0.72391784	0.7858032	0.8743961	0.6893034	0.77444744	0.8655893	0.83510935	0.87967277	0.8268962	0.802629	0.84546435	0.78515255	0.8950767	0.8607734	0.8640474	0.84454787	0.90106857	0.8301444	0.82583004	0.85781074	0.9089552	0.8571809	0.8504809	0.80317	0.7826506	0.8796778	0.8257733	0.7900361	0.8972916	0.94767237	0.83498037	0.8684285	0.7992399	0.8491199	0.9197172	0.85192335	0.8301472	0.9125037	0.8640709	0.7969711	0.8543777	0.74941945	0.7602723	0.7915703	0.6071607	0.85975134	0.79228115	0.85666114	0.80633044	0.8231698	0.80161893	0.5344099	0.84848493	0.8513293
patent/noun	0.8666466	0.8749899	0.8939544	0.86834276	0.8433641	0.83785295	0.8347014	0.94248724	0.84200716	0.9227484	0.911059	0.8077955	0.80177355	0.8344599	0.9241718	0.82464254	0.8158761	0.8191802	0.0	0.7945877	0.8568223	0.86500406	0.83628124	0.8833201	0.8475296	0.8689946	0.90447265	0.8060194	0.88935834	0.8366391	0.81564605	0.8664677	0.85902107	0.8797326	0.90900564	0.8335459	0.8290083	0.7967134	0.8274837	0.8191548	0.8982828	0.78358257	0.8203031	0.8579503	0.7968498	0.7941446	0.827635	0.86568415	0.8672168	0.84567815	0.8433058	0.8442961	0.9120497	0.79032737	0.85440004	0.80878437	0.86406374	0.81411064	0.79154074	0.8484292	0.84760034	0.8465262	0.87777156	0.85333395	0.8946722	0.788072	0.9049106	0.86283594	0.8725785	0.78491527	0.81658465	0.7774435	0.8852183	0.8062016	0.80899477	0.8596674	0.8556883	0.8870692	0.83125484	0.81617934	0.82864106	0.8397163	0.73109806	0.82012063	0.7493907	0.8198687	0.86089325	0.84706503	0.92001283	0.83686894	0.8853241	0.86948824	0.85888964	0.86680925	0.901989	0.8827876	0.8387006	0.8649002	0.81981087	0.9270574	0.86906785	0.8486457	0.8770252	0.90306497	0.85933673	0.7891147	0.84020674	0.8895292	0.9210587	0.9035286	0.87258977	0.7601066	0.89502984	0.91696423	0.87245	0.891619	0.76737684	0.8820584	0.82180935	0.8372563	0.880488	0.87344944	0.8225183	0.8408231	0.88903093	0.88572395	0.86393064	0.82091004	0.88397	0.78376436	0.85428005	0.8559361	0.8275417	0.8489482	0.89742404	0.86006737	0.8357183	0.8160795	0.86236167	0.888415	0.8623371	0.9157399	0.8413399	0.81072545	0.9110493	0.8179883	0.86308384	0.92550665	0.9539233	0.8354549	0.8594824	0.86987877	0.8521804	0.8766556	0.85225844	0.824299	0.8903343	0.83242	0.7939531	0.89155924	0.7828543	0.8537866	0.83496577	0.8258181	0.88396055	0.8387487	0.8385908	0.8419439	0.82550836	0.816819	0.8610581	0.8140906	0.86060095
overigens/adv	0.67574024	0.8798711	0.81350744	0.7750356	0.79158497	0.82291794	0.74153703	0.94514704	0.74996233	0.8930852	0.90265375	0.6937418	0.7969906	0.6975342	0.9520786	0.7101269	0.69517314	0.78272915	0.7945877	0.0	0.7745361	0.7990763	0.78932774	0.86929667	0.85401654	0.87776583	0.89407957	0.7291145	0.8226961	0.68092155	0.804431	0.7115064	0.7836988	0.75476897	0.8402519	0.6008732	0.7279662	0.70067847	0.80008966	0.86096185	0.7831008	0.7148551	0.7764817	0.8337354	0.73587394	0.63884133	0.81081027	0.8238965	0.8165095	0.739761	0.7211243	0.81582236	0.88428247	0.7939298	0.7341783	0.8187943	0.8537295	0.68365014	0.6494472	0.82587934	0.68802345	0.7557043	0.8847405	0.80139756	0.8435272	0.6707214	0.8099354	0.79875314	0.80715144	0.7723061	0.80268985	0.4595332	0.7812518	0.7785295	0.77124107	0.504706	0.6221131	0.75136364	0.710145	0.7707006	0.7662242	0.7989534	0.7187022	0.6922462	0.7460995	0.4100377	0.77458626	0.876724	0.8942186	0.74414843	0.7978675	0.8282593	0.78077644	0.8284448	0.8694942	0.72304666	0.73253155	0.7776426	0.69764304	0.9185019	0.89001495	0.5547575	0.75348353	0.8757373	0.7076206	0.79729617	0.71510375	0.88058466	0.9232964	0.88900435	0.8520141	0.6954311	0.895835	0.87796414	0.78254616	0.7871814	0.7468988	0.7855303	0.750369	0.78958845	0.7905752	0.8670968	0.7704113	0.74357104	0.8200341	0.8439408	0.86826056	0.7371123	0.8570976	0.7063031	0.83239317	0.8384019	0.80555296	0.7641504	0.8575408	0.81223875	0.5814107	0.7031278	0.898564	0.84489095	0.8709826	0.8884691	0.75530374	0.73793113	0.8630114	0.83982664	0.77170724	0.89451575	0.95962286	0.66250396	0.8397133	0.7452778	0.87191725	0.8700968	0.5803387	0.77928036	0.89010847	0.7541163	0.6515506	0.8370038	0.8111308	0.73499715	0.7035929	0.6649207	0.7779786	0.8160832	0.8115412	0.8199158	0.59152424	0.7522363	0.82704574	0.69473934	0.8515786
afschaffing/noun	0.91374123	0.8741372	0.9364257	0.91147083	0.8493508	0.8695566	0.82301867	0.95137805	0.8843659	0.89919895	0.9364541	0.7384542	0.8191542	0.75143635	0.9268565	0.62243223	0.6942104	0.87109137	0.8568223	0.7745361	0.0	0.8465502	0.41052884	0.8977268	0.862552	0.8495877	0.9442422	0.6263368	0.81143177	0.81106204	0.7816588	0.8450358	0.8518186	0.8248049	0.83355355	0.8288182	0.86669105	0.72503203	0.8245392	0.9023043	0.88604003	0.761137	0.65704733	0.8381324	0.7869276	0.75786245	0.80419314	0.8999593	0.83276945	0.85458016	0.72722334	0.8717218	0.93525386	0.6798046	0.6735439	0.7552904	0.86580575	0.76584405	0.7780491	0.8716393	0.7948901	0.7645332	0.91124445	0.9425325	0.8097512	0.8127867	0.7930292	0.885689	0.9052412	0.7752311	0.7262939	0.8028595	0.87126493	0.7704809	0.76900667	0.89516515	0.9040756	0.89578575	0.7680883	0.69383264	0.765038	0.75494224	0.71987855	0.83181506	0.58230114	0.77771926	0.8455937	0.9141673	0.922883	0.90657043	0.8293596	0.7245016	0.95310134	0.8438007	0.9205452	0.86466223	0.807909	0.811058	0.85239303	0.9458405	0.94233155	0.9023738	0.92177576	0.9079313	0.84486514	0.8005661	0.8160369	0.92334366	0.93406785	0.9293829	0.8955731	0.85654736	0.93046796	0.8902717	0.8930024	0.7949844	0.6637435	0.8550953	0.7746094	0.7944132	0.8942559	0.91093946	0.8750218	0.79107267	0.8660225	0.8929483	0.897181	0.8505094	0.8722583	0.58404887	0.8184419	0.9171241	0.80173254	0.7215397	0.8639883	0.75267583	0.8841395	0.871683	0.9369673	0.9304337	0.92568356	0.9266755	0.8116804	0.84264326	0.93526345	0.8502282	0.8583937	0.9057747	0.9704292	0.82146275	0.7640565	0.7787537	0.88520956	0.92732406	0.8471234	0.70486784	0.93913114	0.881932	0.72608626	0.88803285	0.82318723	0.7902372	0.89179766	0.82993466	0.9320334	0.86668974	0.7367505	0.80455816	0.8463944	0.8028565	0.91627157	0.7767095	0.8327742
