	lid_kaart/noun	altijd/adv	verblijf_status/noun	ten/adv	frank/noun	gezien/adj	bekentenis/noun	voorwaarde/noun	vonnis/noun	bouw_aanvraag/noun	gewoon/adj	besluit/noun	patent/noun	tarief/noun	kaart/noun	toelating/noun	onbeperkt/adj	door/adj	arrangement/noun	goal/noun	paspoort/noun	alternatief/noun	enquête/noun	regel/noun	advies/noun	boord_document/noun	gemeente/noun	treffer/noun	conventie/noun	rijbewijs/noun	bon/noun	stem_biljet/noun	slechts/adv	excuus/noun	juridisch/adj	status/noun	en/vg	referendum/noun	huur_contract/noun	onverminderd/adj	strip_kaart/noun	wagen/noun	euro/noun	Habibie/name	die/det	bod/noun	uitslag/noun	offerte/noun	dagvaarding/noun	licentie/noun	reis_pas/noun	adres/noun	niet/adv	wijze/noun	reden/noun	visum/noun	lang/adj	vervoer_bewijs/noun	huwelijk/noun	handtekening/noun	wereldwijd/adj	nog/adv	algemeen/adj	alibi/noun	ze/pron	biljet/noun	eind_uitslag/noun	document/noun	stem/noun	aanbieding/noun	universeel/adj	goedkeuring/noun	verklaring/noun	arbeid_vergunning/noun	papier/noun	reservatie/noun	diploma/noun	wil_beschikking/noun	vergunning/noun	wet/noun	typering/noun	enkel/adj	accoord/noun	rechtbank/noun	aanbesteding/noun	overeenkomst/noun	identiteitsbewijs/noun	ticket/noun	betaal_middel/noun	poging/noun	werk_vergunning/noun	alleen/adj	trein_kaart_DIM/noun	verblijfsvergunning/noun	verzekering/noun	dit/det	toestemming/noun	jaar/noun	uitkomst/noun	doelpunt/noun	kandidatuur/noun	abonnement/noun	principe/noun	rede/noun	verzoek/noun	exploitatie_vergunning/noun	argument/noun
lid_kaart/noun	0.0	0.66319036	0.95477486	0.9470685	0.659933	0.9026562	0.9917608	0.9161579	0.9809826	0.98026186	0.87320757	0.87286925	0.9954259	0.7456857	0.60697085	0.9271186	0.8387022	0.97391474	0.8647652	0.97876245	0.76351553	0.98852295	0.97694284	0.8384055	0.9576446	0.624601	0.926759	0.9962592	0.94185305	0.75141394	0.8655024	0.99080217	0.7134161	0.96056074	0.9659369	0.99895537	0.82824737	0.9818382	0.6095003	0.99011767	0.8010924	0.97852695	0.6874707	0.9963611	0.9014277	0.864527	0.84882617	0.9285995	0.9387904	0.9428656	0.9529096	0.74492836	0.7681368	0.984242	0.9835496	0.7884298	0.9688245	0.96105254	0.9967127	0.84146273	0.9904991	0.91731185	0.7813331	0.96586746	0.7880031	0.48361224	0.91263187	0.832809	0.9598207	0.82517236	0.9528612	0.94646096	0.809297	0.9457944	0.74261415	0.64924204	0.6629236	0.99005145	0.94366145	0.87750083	0.99752563	0.77539766	0.9681288	0.9896252	0.90476114	0.9727657	0.942757	0.6140682	0.825134	0.9371928	0.7460425	0.71861887	0.76751316	0.78283584	0.86909056	0.950205	0.80237246	0.8969153	0.9987919	0.9518535	0.9693931	0.69508684	0.8856314	0.9920582	0.96994	0.9928771	0.9613134
altijd/adv	0.66319036	0.0	0.9458351	0.8897649	0.9206276	0.8787184	0.93542206	0.911457	0.93867046	0.9126299	0.7773196	0.86142373	0.9834716	0.89676553	0.8732549	0.89743775	0.8914815	0.9634262	0.97262627	0.92309463	0.82966286	0.9057444	0.97888774	0.8217639	0.93824404	0.72293484	0.8962046	0.94419515	0.9506146	0.81431675	0.87852526	0.922157	0.7627541	0.725883	0.7648803	0.9772782	0.8623712	0.94404405	0.6956242	0.91709256	0.9348643	0.8232956	0.932141	0.9910327	0.8162099	0.98112965	0.9032713	0.89879584	0.916485	0.92045796	0.9623713	0.83475506	0.59728265	0.9542245	0.79334664	0.85773754	0.6383376	0.9347561	0.988407	0.79138947	0.9432014	0.856925	0.717412	0.7526009	0.69041187	0.8604733	0.8979264	0.7894628	0.95909333	0.8457058	0.8654815	0.8526988	0.70701694	0.9859534	0.7651234	0.9837329	0.8095168	0.98449486	0.874051	0.86596674	0.9693801	0.66364247	0.87639487	0.9570529	0.8651924	0.8700624	0.8203511	0.9503164	0.91040397	0.9564611	0.8383442	0.7458766	0.94908863	0.8412651	0.8624521	0.800614	0.7662587	0.8912343	0.944159	0.99273556	0.9543169	0.87815565	0.894247	0.8667431	0.8272304	0.80472845	0.80608356
verblijf_status/noun	0.95477486	0.9458351	0.0	0.84009016	0.9834041	0.98597646	0.87980855	0.7752319	0.86021256	0.891072	0.91940755	0.8749118	0.9208044	0.9193821	0.92818874	0.78601915	0.98108983	0.98850334	0.9998456	0.9779529	0.71895355	0.9707426	0.97886246	0.62693346	0.9056626	0.93476677	0.8934136	0.9804636	0.8855065	0.7728567	0.98658496	0.94994986	0.76629204	0.96108836	0.8586911	0.9796248	0.8406198	0.8962199	0.85873	0.9434196	0.9862915	0.97388357	0.98559105	0.9140868	0.818741	0.8703005	1.0	0.89716595	0.82949424	0.8851336	0.9324952	0.95782804	0.85200953	0.7383057	0.91684103	0.63752	0.95383745	0.9820216	0.8148825	0.7812335	0.98684746	0.843748	0.77761877	0.97184366	0.74591947	0.9656321	0.9468795	0.7362734	0.97228223	1.0	0.9346719	0.8227715	0.937792	0.92347324	0.79024625	0.9788636	0.6484641	0.8963626	0.64344347	0.77029055	0.9959427	0.87662065	0.8260025	0.87311757	0.87751114	0.83862484	0.6946863	0.8663916	0.9556601	0.9667789	0.58098316	0.84111303	0.9883654	0.53763044	0.74943423	0.8673325	0.83235824	0.8809	0.99127465	0.98653936	0.8887288	0.96555436	0.9596183	0.9526759	0.7516323	0.7695136	0.88339716
ten/adv	0.9470685	0.8897649	0.84009016	0.0	0.7304615	0.8715998	0.80744916	0.7492832	0.7508596	0.62091434	0.6841699	0.78017914	0.9422179	0.78623474	0.845336	0.80960065	0.8762735	0.93040353	0.8526703	0.8870154	0.7391143	0.894191	0.93977886	0.914421	0.8714256	0.9645228	0.717822	0.87595344	0.8744247	0.6864158	0.9019198	0.8100127	0.6898922	0.8639865	0.797088	0.81201565	0.85387146	0.82139695	0.7592044	0.563189	0.7825949	0.9610352	0.77541196	0.9199247	0.7513231	0.80705917	0.97104925	0.8192166	0.7109647	0.8147236	0.62094074	0.80043805	0.90315145	0.9302261	0.6576692	0.7401446	0.8570937	0.8195606	0.81006235	0.80237234	0.8550853	0.6218154	0.7374493	0.82273567	0.7969403	0.81705534	0.9238101	0.67596865	0.8598598	0.9018239	0.7910187	0.71655464	0.80918884	0.8908653	0.6997499	0.9165287	0.68471944	0.80780125	0.75355893	0.7967089	0.8059956	0.6937828	0.71800536	0.8071716	0.881107	0.71149063	0.85185856	0.82873034	0.80528384	0.89243394	0.8321213	0.8898487	0.8602127	0.7473969	0.8397492	0.741651	0.8332166	0.77606165	0.9290359	0.9261632	0.7555202	0.81235874	0.8329122	0.9128121	0.83796567	0.8693401	0.7967051
frank/noun	0.659933	0.9206276	0.9834041	0.7304615	0.0	0.9345464	0.99610704	0.8654187	0.9979893	0.86381495	0.6651393	0.9314719	0.9668081	0.609355	0.30650133	0.93113375	0.73191464	0.9910605	0.68458986	0.95272946	0.8521011	0.90652144	0.9783164	0.90412533	0.95526326	0.9424616	0.8203351	0.9724076	0.8772207	0.8711405	0.77869326	0.8592615	0.6234062	0.9847149	0.9623474	0.88776445	0.6079868	0.9453781	0.9131325	0.8658142	0.7193219	0.9432502	0.07898623	0.9971167	0.9300939	0.72719455	0.989531	0.8094244	0.93226165	0.9370135	0.87509865	0.92754555	0.9947012	0.851632	0.917641	0.8649816	0.97331613	0.74687374	0.9749598	0.95043296	0.9511369	0.796458	0.7933028	0.866479	0.9394934	0.44064838	0.9558013	0.9135221	0.90647745	0.73655444	0.91435856	0.9471144	0.9738685	0.9052888	0.8492511	0.30460978	0.9474617	0.97153735	0.91789126	0.9461593	0.9973525	0.56566167	0.9758864	0.9983711	0.8477708	0.92150104	0.8288986	0.3039688	0.6098064	0.93159866	0.92948294	0.8764941	0.773434	0.9324729	0.81223315	0.9072932	0.9446476	0.86008286	0.9804035	0.9320384	0.9802894	0.39948428	0.88230366	0.9486251	0.97071975	0.9431476	0.99224013
gezien/adj	0.9026562	0.8787184	0.98597646	0.8715998	0.9345464	0.0	0.9240142	0.6284166	0.78161335	0.87538576	0.85127145	0.623635	0.627437	0.87312466	0.91137046	0.87047654	0.85724187	0.75956494	0.9767781	0.97608155	0.9778944	0.9617091	0.91642356	0.7498965	0.41635072	0.970281	0.6500723	0.96754307	0.689055	0.9651329	0.861056	0.87681884	0.7893917	0.86255467	0.7271378	0.56288004	0.80745023	0.9447027	0.79399556	0.8883565	0.8875784	0.95399815	0.8892263	0.9775492	0.8179	0.7595061	0.9099642	0.933627	0.87642634	0.842682	0.93210757	0.94296885	0.7616832	0.8927335	0.6982072	0.9580466	0.6752671	0.84875274	0.92686033	0.8472228	0.8093037	0.71570814	0.78915626	0.8738743	0.878627	0.8425933	0.9437766	0.8026172	0.9210355	0.9495913	0.7046143	0.76551425	0.8933761	0.8798517	0.9459966	0.9364706	0.93037915	0.80240214	0.6732019	0.79052484	0.8875625	0.8037383	0.8050031	0.9283029	0.8150052	0.68385625	0.8838735	0.95081544	0.8209173	0.842043	0.9893173	0.6162921	0.94451874	0.88411844	0.779642	0.88217914	0.8445824	0.69911456	0.78185743	0.9882628	0.8462437	0.9402832	0.46466213	0.7883182	0.8055726	0.7674092	0.537498
bekentenis/noun	0.9917608	0.93542206	0.87980855	0.80744916	0.99610704	0.9240142	0.0	0.8706621	0.7012737	0.9705843	0.93271166	0.86040413	0.86670935	0.989745	0.9654087	0.8576974	0.93605757	0.8931239	0.9934341	0.9741842	0.90545356	0.98407614	0.99583995	0.9214773	0.9630659	0.94064945	0.9425799	0.95582366	0.93647665	0.9086833	0.9586998	0.9642858	0.8637994	0.58880746	0.86406815	0.8324107	0.87858564	0.95264655	0.9428256	0.9258102	0.99466646	0.9605545	0.9929701	0.93574893	0.6223619	0.9231827	0.9399714	0.9837152	0.5549674	0.7697049	0.92492706	0.81892973	0.9199081	0.7466934	0.8722722	0.9200432	0.98117507	0.9640306	0.92009777	0.8109609	0.8463948	0.9194991	0.9262767	0.7612423	0.85747415	0.9788798	1.0	0.7408832	0.96771646	0.9818835	0.5661562	0.88260424	0.5109204	0.8853559	0.7878271	0.9816191	0.82231045	0.7699662	0.8871486	0.89301354	0.59657365	0.7831084	0.8863229	0.57836163	0.9703758	0.9092249	0.9023374	0.99465436	0.90773624	0.7870744	0.9294698	0.9225599	0.89949393	0.894379	0.9167066	0.9123608	0.8747574	0.9811618	0.96805453	0.99588805	0.7813241	0.97745043	0.8774906	0.797696	0.816813	0.9820521	0.77953327
voorwaarde/noun	0.9161579	0.911457	0.7752319	0.7492832	0.8654187	0.6284166	0.8706621	0.0	0.82889616	0.7508775	0.8425968	0.52964675	0.7695056	0.7318059	0.8683046	0.42859936	0.6185265	0.9704122	0.97473836	0.9599364	0.72852993	0.8571354	0.9165264	0.49534327	0.56187654	0.9007309	0.37224972	0.9613842	0.82892424	0.7172761	0.8625332	0.865611	0.6735468	0.96139085	0.69246197	0.8561023	0.82610774	0.78397685	0.7122525	0.92117655	0.94082785	0.88610923	0.85382396	0.81297165	0.7137019	0.57931805	0.8583292	0.64202166	0.9139961	0.43762213	0.7754539	0.91849196	0.81912804	0.74763936	0.612296	0.6167826	0.81083214	0.9520564	0.6023158	0.62504506	0.83226335	0.72825503	0.67373824	0.91616607	0.6178432	0.9410842	0.9039536	0.69094986	0.8544585	0.8013111	0.8902671	0.4058988	0.8848207	0.60758054	0.63968337	0.932238	0.7620549	0.8345883	0.35729283	0.5839816	0.9372947	0.59951365	0.57054657	0.7545267	0.5305305	0.5453149	0.6827129	0.8478059	0.9372432	0.74240255	0.5768485	0.60962415	0.89388746	0.63336104	0.5124874	0.8420995	0.60953367	0.7888969	0.7701118	0.9844696	0.6849475	0.89529824	0.42738044	0.7317599	0.46686333	0.72108924	0.73065203
vonnis/noun	0.9809826	0.93867046	0.86021256	0.7508596	0.9979893	0.78161335	0.7012737	0.82889616	0.0	0.9242343	0.9368548	0.63496685	0.8651049	0.9753294	0.982892	0.77814305	0.94825166	0.98762417	0.9817002	0.9415348	0.94685054	0.965353	0.84515303	0.88727176	0.7937606	0.98885304	0.76843315	0.89539516	0.93502325	0.9426667	0.90463686	0.81503826	0.8316477	0.88060284	0.6310941	0.84505945	0.9581599	0.7729149	0.76823646	0.88489574	1.0	0.96687925	0.99374175	0.9517525	0.90301377	0.934239	0.97579616	0.90180224	0.4136399	0.9178373	0.95174336	0.71944433	0.89920574	0.95201135	0.7678108	0.9420161	0.8677801	1.0	0.8870297	0.80119336	0.9281956	0.8386141	0.86303383	0.90844357	0.94668067	0.9235981	0.9528507	0.71718645	0.8739305	0.9556408	0.81298685	0.767971	0.8352113	0.99143964	0.89830697	0.9715496	0.92336345	0.8760704	0.81483626	0.7892397	0.9405736	0.75060976	0.62558675	0.36318916	0.90482134	0.7896221	0.91846573	0.99051934	0.976938	0.7234297	0.96458703	0.87761855	0.8784467	0.9025525	0.8994807	0.7366347	0.72745895	0.78554624	0.8143226	0.9085304	0.9225157	0.9901366	0.76153654	0.9023563	0.5661654	0.8975557	0.4126671
bouw_aanvraag/noun	0.98026186	0.9126299	0.891072	0.62091434	0.86381495	0.87538576	0.9705843	0.7508775	0.9242343	0.0	0.79044807	0.68520784	0.8643666	0.9166891	0.97652656	0.7513128	0.95805866	0.9665133	0.9955245	0.98997724	0.82704985	0.8882885	0.97165227	0.82759404	0.5225141	0.9892849	0.42472732	0.97578824	0.93608797	0.7596358	0.9800282	0.93191195	0.9061184	0.99025387	0.6822958	0.95568025	0.89977825	0.79664075	0.7724166	0.59272814	0.94463116	0.9938482	0.96921974	0.94721454	0.8690809	0.7334906	0.9991095	0.6458636	0.919134	0.8934561	0.5650096	0.9610692	0.9160476	0.59527737	0.6223767	0.7613859	0.9649078	0.9644932	0.8390821	0.82287055	0.96800363	0.7060367	0.72199035	0.9759918	0.9448026	0.977649	0.99281794	0.73545897	0.99334556	0.97959083	0.93180954	0.555814	0.92325765	0.97341037	0.83619964	0.94907284	0.9784492	0.9227996	0.7020067	0.71158695	0.98836774	0.80140334	0.70902574	0.94938016	0.52136326	0.6389891	0.9665825	0.9882765	0.9574005	0.9783229	0.95662934	0.867576	0.9893159	0.78107035	0.9601095	0.7407557	0.87593865	0.9634261	0.98788023	0.9966472	0.81744266	0.98674667	0.73848677	0.9632721	0.8372784	0.63390124	0.91372395
gewoon/adj	0.87320757	0.7773196	0.91940755	0.6841699	0.6651393	0.85127145	0.93271166	0.8425968	0.9368548	0.79044807	0.0	0.87223727	0.98222613	0.40914696	0.52979064	0.9371742	0.57359445	0.8940755	0.7619572	0.97209895	0.5802698	0.5788224	0.95643497	0.85986245	0.90351564	0.8889288	0.8186879	0.98104805	0.8457607	0.7043948	0.8313439	0.90849125	0.7637862	0.7909317	0.931004	0.85471547	0.74529415	0.9144265	0.9424913	0.61418074	0.32028025	0.9212232	0.6909307	0.9819775	0.88925284	0.99274844	0.9882742	0.9683149	0.8329561	0.85554624	0.6904906	0.7862965	0.75672877	0.97920984	0.6830669	0.6404102	0.8943438	0.505605	0.9184992	0.71627545	0.99413085	0.7251389	0.8256438	0.7752835	0.5987334	0.7233811	0.9843624	0.6332203	0.8808984	0.86891556	0.8287755	0.9513352	0.8645001	0.9325455	0.7154403	0.9418339	0.75294834	0.9327996	0.91209096	0.90241677	0.90597415	0.7265085	0.9428248	0.9749536	0.95834064	0.9240547	0.8107976	0.6845536	0.5667974	0.92746216	0.85689783	0.6974637	0.5721184	0.69019556	0.75195575	0.9394735	0.8888142	0.79034936	0.9628427	0.99309105	0.99523604	0.47101313	0.8610574	0.8936155	0.8766047	0.9911878	0.8634411
besluit/noun	0.87286925	0.86142373	0.8749118	0.78017914	0.9314719	0.623635	0.86040413	0.52964675	0.63496685	0.68520784	0.87223727	0.0	0.7865711	0.877641	0.93955904	0.69261986	0.8334162	0.9905663	0.97373253	0.9755575	0.8043637	0.78969073	0.85134864	0.6640276	0.48420656	0.9299018	0.5567683	0.96302843	0.572285	0.86045915	0.932314	0.72382665	0.7803215	0.8706106	0.53621244	0.5890846	0.90179616	0.46805406	0.66879225	0.94036233	0.8742099	0.99499696	0.8874293	0.56636965	0.7265416	0.8100399	0.62005997	0.8791192	0.7291001	0.80736935	0.83504677	0.7869081	0.8027756	0.8488102	0.60682225	0.801492	0.82511675	0.82177806	0.6904752	0.55683255	0.84286976	0.7210194	0.6405831	0.90515274	0.73489416	0.78048617	0.68145	0.690548	0.7482991	0.9808519	0.7384374	0.59611714	0.7856468	0.8583774	0.72251767	0.99532425	0.8943075	0.7388711	0.6358079	0.5780724	0.97856164	0.7090298	0.58547866	0.65445983	0.7404349	0.6698458	0.87103635	0.9691416	0.8079432	0.65100795	0.69156975	0.6937279	0.9305308	0.8095128	0.89885	0.70475554	0.6274121	0.8099982	0.6299988	0.96792305	0.48226	0.9755525	0.6150373	0.6436257	0.4689052	0.7708703	0.5353811
patent/noun	0.9954259	0.9834716	0.9208044	0.9422179	0.9668081	0.627437	0.86670935	0.7695056	0.8651049	0.8643666	0.98222613	0.7865711	0.0	0.88805974	0.89017874	0.70665836	0.68678653	0.9098707	0.99419194	0.7539964	0.86621296	0.92108524	0.90057796	0.80237794	0.81540895	0.9628889	0.8308197	0.7427143	0.88531286	0.91462547	0.9886324	0.8696014	0.8435687	0.99858725	0.7829146	0.7783975	0.88759154	0.9315344	0.87366253	0.93017876	0.9247153	0.95184094	0.9569976	0.9575795	0.873181	0.7850531	0.9702051	0.80593544	0.9144863	0.5268057	0.9558453	0.9571422	0.81470776	0.77437127	0.8653463	0.920286	0.7387272	0.95875937	0.9725944	0.88841856	0.33481556	0.875922	0.88046247	0.9875386	0.93104196	0.89137197	0.90344465	0.8568612	0.99322724	0.9166077	0.7950371	0.81542814	0.9776606	0.6606561	0.8917892	0.9836414	0.9537145	0.9088522	0.7020298	0.8007271	0.99461	0.8476038	0.8856655	0.9035816	0.7229873	0.689754	0.93124056	0.9557425	0.96584165	0.93482965	0.94672966	0.8223897	0.88845444	0.7663043	0.8719481	0.7589028	0.79028267	0.8436528	0.93363667	0.72959137	0.77585864	0.88981366	0.6710423	0.88509387	0.82830966	0.82248735	0.80204064
tarief/noun	0.7456857	0.89676553	0.9193821	0.78623474	0.609355	0.87312466	0.989745	0.7318059	0.9753294	0.9166891	0.40914696	0.877641	0.88805974	0.0	0.53107727	0.6806979	0.3721276	0.9212183	0.53636205	0.9751365	0.7216376	0.59319574	0.9386933	0.83066154	0.8246007	0.94542277	0.7589559	0.9780718	0.83569777	0.8769117	0.7666107	0.90980804	0.65549767	0.8726124	0.8716522	0.9187514	0.7976655	0.9068763	0.8345504	0.9710156	0.23886514	0.9174824	0.5939083	0.95787555	0.8414832	0.8674509	0.9783839	0.8331279	0.78274286	0.80076575	0.9000651	0.84431547	0.7707332	0.9399103	0.8946874	0.8489716	0.89734584	0.5892571	0.7822372	0.7537156	0.8832712	0.87959135	0.77133787	0.7463332	0.7295986	0.6748054	0.97434634	0.84596825	0.9215966	0.6261741	0.87089807	0.84090567	0.9087458	0.7376065	0.8392662	0.79372805	0.80076486	0.9209187	0.7628312	0.78496826	0.9887369	0.6931503	0.7965224	0.9332006	0.8862106	0.78654563	0.8917836	0.46436185	0.56300306	0.8952552	0.86649007	0.8118693	0.36515063	0.81385756	0.73476434	0.8745879	0.7679431	0.80326074	0.9558483	0.98835135	0.92585194	0.20737189	0.7564975	0.8204318	0.7744038	0.8566996	0.894397
kaart/noun	0.60697085	0.8732549	0.92818874	0.845336	0.30650133	0.91137046	0.9654087	0.8683046	0.982892	0.97652656	0.52979064	0.93955904	0.89017874	0.53107727	0.0	0.88821745	0.5437144	0.9407939	0.7868499	0.83021224	0.8223567	0.8077712	0.9662096	0.890862	0.9312293	0.86831766	0.9294422	0.78708166	0.8976959	0.90699285	0.83853334	0.88540095	0.62334216	0.98140943	0.97436357	0.8228421	0.5407654	0.95206106	0.93716854	0.9783309	0.49208593	0.8626074	0.28207064	0.9326915	0.89643645	0.86459076	0.9867843	0.9427576	0.87480915	0.762756	0.92402226	0.8564894	0.8246749	0.89114267	0.96521604	0.8329117	0.9401578	0.60988325	0.9745667	0.790436	0.90499616	0.81106013	0.81049633	0.946034	0.7525222	0.48250645	0.8860682	0.8624958	0.88739645	0.79471934	0.8542185	0.96497756	0.93635976	0.847726	0.79932445	0.43238908	0.90312606	0.898692	0.9063448	0.92708254	0.98355216	0.60522187	0.9460703	0.98742014	0.9572667	0.9308057	0.7543424	0.37366867	0.54711133	0.9375206	0.91795087	0.7320802	0.55468273	0.73971164	0.7184136	0.9201397	0.9042395	0.86344916	0.9954216	0.7603469	0.9589396	0.36688542	0.82183045	0.9404863	0.9402079	0.9873714	0.9800891
toelating/noun	0.9271186	0.89743775	0.78601915	0.80960065	0.93113375	0.87047654	0.8576974	0.42859936	0.77814305	0.7513128	0.9371742	0.69261986	0.70665836	0.6806979	0.88821745	0.0	0.5317645	0.89921504	0.93708503	0.97863346	0.6605854	0.91379654	0.8905397	0.5530893	0.7667403	0.9396955	0.5274923	0.9740352	0.85639894	0.7399578	0.7710474	0.8535984	0.76023066	0.9001848	0.6810162	0.8530235	0.85664	0.7919039	0.6349159	0.9246979	0.8721898	0.8564864	0.9035365	0.9013019	0.6683018	0.7326497	0.9574502	0.70997775	0.8073576	0.5191392	0.7350534	0.912947	0.76604617	0.8533746	0.73088115	0.61098576	0.75925255	0.9386867	0.7406788	0.7597754	0.78148365	0.835169	0.5721201	0.79964375	0.72931564	0.83827734	0.944471	0.6638882	0.94121593	0.8649819	0.74311066	0.5729593	0.87346864	0.44195223	0.6958598	0.94625366	0.87274176	0.768186	0.27928674	0.57004815	0.98359054	0.65185267	0.5634042	0.7001796	0.64891016	0.6450294	0.76875114	0.8828164	0.9667073	0.716378	0.6399454	0.69810295	0.8600511	0.5048176	0.72912884	0.7604226	0.49215585	0.91999185	0.929599	0.990551	0.72969466	0.8170536	0.5466386	0.69655144	0.42366195	0.671438	0.75147825
onbeperkt/adj	0.8387022	0.8914815	0.98108983	0.8762735	0.73191464	0.85724187	0.93605757	0.6185265	0.94825166	0.95805866	0.57359445	0.8334162	0.68678653	0.3721276	0.5437144	0.5317645	0.0	0.76106775	0.75667775	0.97106004	0.7178532	0.73437464	0.9130968	0.72756267	0.85117865	0.91337574	0.7663036	0.9677308	0.91270506	0.7982192	0.883267	0.751912	0.73144054	0.97008795	0.8104528	0.8409039	0.6886074	0.89149517	0.86172575	0.9312501	0.51163137	0.8934692	0.7040546	0.947209	0.7461471	0.9354224	0.9494333	0.9084974	0.8669501	0.4573503	0.8663409	0.8531779	0.80067194	0.9112856	0.7927633	0.6389382	0.7902745	0.7264268	0.6954528	0.8262112	0.64213383	0.8951493	0.74395597	0.8650927	0.67950964	0.65577406	0.97078544	0.80176497	0.91998047	0.72826445	0.70348835	0.8597674	0.8615351	0.571272	0.73679113	0.90570635	0.83183265	0.8805405	0.6887499	0.73126495	0.83668363	0.6511309	0.83804226	0.8461242	0.8561739	0.8818451	0.78253365	0.7261662	0.65198517	0.8479408	0.78649515	0.6108514	0.5583073	0.6052786	0.6974968	0.8811685	0.7513083	0.72609913	0.97370476	0.94941723	0.9163965	0.42184418	0.5866528	0.6688663	0.68080044	0.8499266	0.8871836
door/adj	0.97391474	0.9634262	0.98850334	0.93040353	0.9910605	0.75956494	0.8931239	0.9704122	0.98762417	0.9665133	0.8940755	0.9905663	0.9098707	0.9212183	0.9407939	0.89921504	0.76106775	0.0	0.97315204	0.99154437	0.96380335	0.9942247	0.9801201	0.97507435	0.9887687	0.97416663	0.988343	1.0	0.98421985	0.99067456	0.98386234	0.9827212	0.9622232	0.9907571	0.93409586	0.9535696	0.55869365	0.98324245	0.93627596	0.98526126	0.93006086	0.9556626	0.9605076	0.99675775	0.88559574	0.99248576	0.9664776	0.97630376	0.9835058	0.93921566	0.9885928	0.97515345	0.8144454	0.967815	0.9871974	0.9877512	0.7966085	0.9907503	0.9136745	0.9881782	0.85574853	0.9394665	0.9251647	0.971072	0.86421186	0.9038862	1.0	0.98089993	0.9919119	0.8795678	0.8650887	0.9548681	0.9925824	0.88402796	0.96768814	0.9458047	0.902658	0.999163	0.92752874	0.9313578	0.59410584	0.8391708	0.97688645	0.98638546	0.9834893	0.95972556	0.9819908	0.9739813	0.97383296	0.9832786	0.98553216	0.7404118	0.91308826	0.9045714	0.96164197	0.8091183	0.9261359	0.5066665	0.9996305	1.0	0.98561364	0.91201633	0.85097814	0.9509175	0.9681157	0.9116574	0.988676
arrangement/noun	0.8647652	0.97262627	0.9998456	0.8526703	0.68458986	0.9767781	0.9934341	0.97473836	0.9817002	0.9955245	0.7619572	0.97373253	0.99419194	0.53636205	0.7868499	0.93708503	0.75667775	0.97315204	0.0	0.9926571	0.8506542	0.82248837	0.9952299	0.996056	0.98619545	0.9874028	0.95488715	0.9930606	0.9247472	0.98160976	0.49723488	0.96054214	0.8133956	0.9878506	0.9900169	0.9972455	0.81963277	0.96937317	0.92229486	0.9082444	0.67025775	0.9491338	0.71447575	0.98652667	0.9114632	0.9401371	0.9781798	0.87465566	0.7910951	0.9774863	0.9909109	0.7853342	0.98694116	0.9251974	0.9886059	0.96030694	0.9824578	0.90296876	0.89513487	0.9718469	0.9889863	0.9205092	0.9637166	0.85919195	0.9150554	0.8691339	0.95481086	0.95298785	0.82623947	0.3930927	0.98962665	0.9973048	1.0	0.98656684	0.97767967	0.7888583	0.8168541	1.0	1.0	0.96674573	0.9854388	0.82904816	0.96919644	1.0	0.97801733	0.9813906	0.99692	0.5276128	0.96151304	1.0	0.9676822	0.9567341	0.68061	0.98692626	0.89604133	0.87157094	0.972613	0.8269588	0.9879893	0.9869498	0.9869339	0.43846118	0.9579729	0.9566731	0.9795866	0.99802077	0.98352194
goal/noun	0.97876245	0.92309463	0.9779529	0.8870154	0.95272946	0.97608155	0.9741842	0.9599364	0.9415348	0.98997724	0.97209895	0.9755575	0.7539964	0.9751365	0.83021224	0.97863346	0.97106004	0.99154437	0.9926571	0.0	0.9876298	0.9985396	0.96918577	0.9480135	0.99034846	0.9895478	0.9904234	0.22868872	0.9781636	0.99923235	0.98921007	1.0	0.67077994	0.9701212	0.96858317	0.96422493	0.95919675	1.0	0.99634737	0.99178445	0.98849744	0.9862774	0.9616896	0.99289715	0.78284204	0.99862576	0.9716953	0.96428216	0.966318	0.94314134	0.9951719	0.97051555	0.9417667	0.8418472	0.9309328	0.9995681	0.9396967	0.99304396	0.99568343	0.98602134	0.87079453	0.8402204	0.9949321	0.9346351	0.99444777	0.97341514	0.6533591	0.9902753	0.91687244	0.97974443	0.98790586	0.98352736	0.9662605	0.97820354	0.95734125	0.97503436	0.9959105	0.9304395	0.96159506	0.9761698	0.9427301	0.91935647	0.9939725	0.99326223	0.9706848	0.9516286	0.9988316	0.96057504	0.9655712	0.90757656	0.9802406	0.9541413	0.99036986	0.9830742	0.9887557	0.95431876	0.9749286	0.95848835	0.9832689	0.18932897	0.9927671	0.9681258	0.97952384	0.9338875	1.0	0.97192955	0.98895866
paspoort/noun	0.76351553	0.82966286	0.71895355	0.7391143	0.8521011	0.9778944	0.90545356	0.72852993	0.94685054	0.82704985	0.5802698	0.8043637	0.86621296	0.7216376	0.8223567	0.6605854	0.7178532	0.96380335	0.8506542	0.9876298	0.0	0.9225911	0.93416107	0.75126755	0.9565434	0.5309862	0.831396	0.9855757	0.9732815	0.24122006	0.9060388	0.80366004	0.80448985	0.9633652	0.8341387	0.8673315	0.59889925	0.8695021	0.69795096	0.6306306	0.76907164	0.7076383	0.9059862	0.9696635	0.92153716	0.9544565	0.91973644	0.9734117	0.79539937	0.8061179	0.3620878	0.5880364	0.8563638	0.8735251	0.6829234	0.22263324	0.7825551	0.8059255	0.7578864	0.59881294	0.89621496	0.8529502	0.87701625	0.9171934	0.48997855	0.7602766	0.996626	0.2732377	0.89729375	0.9370361	0.8970121	0.90259176	0.8487102	0.6014012	0.3308854	0.898689	0.4182102	0.8146521	0.6921987	0.90786666	0.9670129	0.62797606	0.91319025	0.9046103	0.9712806	0.8846251	0.40864652	0.6560839	0.8998545	0.7266257	0.29149628	0.7696885	0.84570014	0.36854088	0.5916146	0.936056	0.6842714	0.87469995	0.9613138	0.98329693	0.92725426	0.79577494	0.8318388	0.76393515	0.5862329	0.9510033	0.9392611
alternatief/noun	0.98852295	0.9057444	0.9707426	0.894191	0.90652144	0.9617091	0.98407614	0.8571354	0.965353	0.8882885	0.5788224	0.78969073	0.92108524	0.59319574	0.8077712	0.91379654	0.73437464	0.9942247	0.82248837	0.9985396	0.9225911	0.0	0.9704158	0.857775	0.81934184	0.96811074	0.8588628	0.9986933	0.91600627	0.9728962	0.9047311	0.9337073	0.8944057	0.983173	0.9220787	0.90786564	0.9011333	0.79836553	0.94110054	0.9613079	0.49337792	0.93614143	0.90897614	0.6890733	0.9140354	0.8844572	0.7895758	0.62555504	0.8365242	0.98807395	0.95793086	0.8762683	0.9184127	0.82718325	0.97666353	0.98542166	0.97279567	0.6495078	0.9214061	0.7737431	0.93386024	0.9072262	0.90960145	0.9497361	0.8305698	0.9855647	0.7121644	0.9701582	0.8794208	0.8368822	0.95300937	0.8604555	0.9421554	0.982732	0.9692857	0.9977608	0.8682355	0.96071184	0.9174969	0.85519177	0.96323603	0.8822564	0.93909633	0.98196805	0.65776503	0.84554577	0.99682695	0.9312481	0.7418881	0.80797136	0.99337626	0.97309744	0.60960853	0.9854964	0.9119584	0.88784266	0.84974	0.8579503	0.7618921	0.99979067	0.74181867	0.6130368	0.8869804	0.8255409	0.83089626	0.9545998	0.9231903
enquête/noun	0.97694284	0.97888774	0.97886246	0.93977886	0.9783164	0.91642356	0.99583995	0.9165264	0.84515303	0.97165227	0.95643497	0.85134864	0.90057796	0.9386933	0.9662096	0.8905397	0.9130968	0.9801201	0.9952299	0.96918577	0.93416107	0.9704158	0.0	0.93476486	0.9202666	0.9969512	0.8795806	0.973065	0.8322352	0.9952139	0.99904275	0.79849994	0.915662	0.95608133	0.79721093	0.88624394	0.9756389	0.38487375	0.855486	0.99205315	0.9782216	0.98375994	0.9622432	0.71825325	0.8899804	0.96575207	0.49045724	0.838024	0.95965356	0.9389037	0.9838772	0.9254869	0.95552325	0.96920425	0.9478392	0.94686276	0.9766121	0.9964956	0.9973242	0.8883436	0.82617736	0.97721744	0.8387866	0.9315419	0.9949103	0.8746686	0.96527827	0.9474636	0.6773495	0.97522664	0.93652654	0.8831005	0.944202	0.963193	0.97214633	0.99668586	0.9326325	0.92373395	0.92528194	0.8985436	0.9149375	0.9556566	0.82567126	0.9469624	0.96409416	0.9582703	0.943007	0.9817279	0.96181095	0.9752033	0.9773498	0.9596384	0.9701141	0.91607577	0.9682004	0.73836046	0.8654063	0.9326384	0.5932367	0.9544116	0.9625462	0.9670082	0.865949	0.96250004	0.80917627	0.9653499	0.8786395
regel/noun	0.8384055	0.8217639	0.62693346	0.914421	0.90412533	0.7498965	0.9214773	0.49534327	0.88727176	0.82759404	0.85986245	0.6640276	0.80237794	0.83066154	0.890862	0.5530893	0.72756267	0.97507435	0.996056	0.9480135	0.75126755	0.857775	0.93476486	0.0	0.79145306	0.94078296	0.6397084	0.8909557	0.64705527	0.8038044	0.8596543	0.91531926	0.7811955	0.9594802	0.70022774	0.79790765	0.8320994	0.8630772	0.7766491	0.9311559	0.9830392	0.9533039	0.9473812	0.9178362	0.698135	0.8404621	0.90618926	0.72656757	0.94783753	0.8457632	0.8819182	0.917056	0.7517672	0.58163965	0.69171476	0.65259767	0.7941596	0.9935112	0.77170146	0.75121397	0.86058617	0.83729184	0.5399909	0.9006762	0.678733	0.9414543	0.88571614	0.70652854	0.8445761	0.9608473	0.629321	0.6440357	0.78518414	0.82141304	0.6959869	0.97098833	0.7716319	0.8120658	0.50137657	0.3479128	0.8483344	0.66367793	0.7642745	0.82333475	0.5585554	0.7066338	0.6541838	0.8995424	0.7989448	0.8413666	0.560979	0.73162115	0.96942705	0.6939071	0.69655395	0.86282647	0.7370745	0.8583489	0.8296355	0.92499316	0.9173827	0.92523164	0.4826578	0.6512462	0.6743163	0.7816529	0.70076
advies/noun	0.9576446	0.93824404	0.9056626	0.8714256	0.95526326	0.41635072	0.9630659	0.56187654	0.7937606	0.5225141	0.90351564	0.48420656	0.81540895	0.8246007	0.9312293	0.7667403	0.85117865	0.9887687	0.98619545	0.99034846	0.9565434	0.81934184	0.9202666	0.79145306	0.0	0.9728592	0.3871181	0.98902076	0.8190825	0.9403564	0.96430594	0.8335565	0.87612885	0.9601755	0.6446977	0.7011095	0.89349973	0.8224498	0.7492802	0.8978879	0.8835862	0.97753936	0.9402676	0.8682096	0.84623706	0.7542628	0.912838	0.82254803	0.841539	0.8229247	0.77316403	0.973468	0.87392277	0.7553358	0.57812166	0.8937656	0.7889049	0.88822126	0.88493985	0.7441757	0.9512449	0.77589226	0.8160478	0.9235257	0.91484624	0.98179466	0.97699964	0.83053595	0.9478652	0.91868055	0.91904324	0.5542443	0.9582058	0.93709	0.9322956	0.973266	0.94207555	0.7751962	0.553503	0.7576987	0.9890286	0.7797578	0.8067582	0.8169198	0.54677254	0.7712767	0.95082283	0.9803585	0.8677449	0.86735356	0.9279168	0.77677864	0.8777016	0.87949795	0.83860195	0.7896617	0.82474095	0.87359464	0.81266433	0.9911277	0.8499629	0.89712554	0.55834585	0.82649124	0.72306263	0.56137276	0.51810396
boord_document/noun	0.624601	0.72293484	0.93476677	0.9645228	0.9424616	0.970281	0.94064945	0.9007309	0.98885304	0.9892849	0.8889288	0.9299018	0.9628889	0.94542277	0.86831766	0.9396955	0.91337574	0.97416663	0.9874028	0.9895478	0.5309862	0.96811074	0.9969512	0.94078296	0.9728592	0.0	0.9819193	0.99820787	0.9939945	0.31294483	0.90290153	0.89976525	0.91343343	0.9843852	0.9689146	0.9625754	0.5833938	0.99695915	0.63859963	0.8913975	0.98653436	0.2424497	0.96946377	0.99849224	0.90971005	1.0	0.9099366	0.9256132	0.9480814	0.91257125	0.7894946	0.7516974	0.8707149	0.99933094	0.99500084	0.67233646	0.9878873	0.92077017	0.98994535	0.83565533	0.9883031	0.95041096	0.84830093	0.9381956	0.6273322	0.82100844	0.9908016	0.7278915	0.99124324	0.9555183	0.99138856	0.97052014	0.87352306	0.90025264	0.5017643	0.9253233	0.6217966	0.86203104	0.84885645	0.94551134	0.99081254	0.691549	0.975354	0.97168577	0.9940053	0.954962	0.6002077	0.9116582	0.99285877	0.94872594	0.66210866	0.7653947	0.924811	0.7071368	0.4536332	0.9893132	0.86829656	1.0	0.99852526	0.98582387	0.98205996	0.9399211	0.9666635	0.8540283	0.9837057	0.9996076	0.9774341
gemeente/noun	0.926759	0.8962046	0.8934136	0.717822	0.8203351	0.6500723	0.9425799	0.37224972	0.76843315	0.42472732	0.8186879	0.5567683	0.8308197	0.7589559	0.9294422	0.5274923	0.7663036	0.988343	0.95488715	0.9904234	0.831396	0.8588628	0.8795806	0.6397084	0.3871181	0.9819193	0.0	0.9927976	0.8543244	0.7882753	0.81513023	0.7767135	0.7024307	0.9500989	0.5456132	0.82595426	0.9030327	0.76447606	0.6771475	0.7211206	0.9259244	0.92542046	0.8715813	0.83869934	0.7525484	0.6638553	0.85302764	0.6447048	0.83925885	0.7312299	0.67826194	0.80503875	0.93149954	0.6806493	0.52677226	0.6901994	0.8374943	0.9309331	0.7505034	0.6030477	0.95586264	0.717947	0.69992125	0.8883997	0.84958273	0.90987515	0.9885412	0.6112051	0.94924545	0.9151122	0.9454131	0.418545	0.9129451	0.9387983	0.708683	0.8954619	0.9103531	0.732466	0.388479	0.6173873	0.99431515	0.6712768	0.5794143	0.6953537	0.47282165	0.55015004	0.81387675	0.8872959	0.93807954	0.89621663	0.8434641	0.7352339	0.8777274	0.7528381	0.7327529	0.7408471	0.58164394	0.7974142	0.72061265	0.9959188	0.8879811	0.89500105	0.48510742	0.89644885	0.58742106	0.622085	0.6235894
treffer/noun	0.9962592	0.94419515	0.9804636	0.87595344	0.9724076	0.96754307	0.95582366	0.9613842	0.89539516	0.97578824	0.98104805	0.96302843	0.7427143	0.9780718	0.78708166	0.9740352	0.9677308	1.0	0.9930606	0.22868872	0.9855757	0.9986933	0.973065	0.8909557	0.98902076	0.99820787	0.9927976	0.0	0.98518306	0.9995335	0.99201965	0.9644148	0.7053518	0.97353137	0.93596876	0.97431874	0.9756944	0.99298775	0.97208554	0.9582332	0.9982568	0.9895174	0.9761459	0.7892815	0.8716622	0.99713504	0.966949	0.9699175	0.91618896	0.9242647	0.9970708	0.98273635	0.92186654	0.9045856	0.89848626	0.9942765	0.93528783	1.0	0.9866784	0.9919029	0.82614183	0.80945003	0.927473	0.9449857	0.995742	0.9811157	0.70351243	0.9942403	0.7486558	0.98487365	0.97464275	0.9631758	0.96818745	0.994447	0.9659289	0.98918235	0.9979544	0.94139224	0.9669552	0.97843486	0.9591981	0.9237296	0.98815304	0.8867744	0.9312084	0.9459946	1.0	0.9701949	0.97862494	0.92579114	0.9747079	0.9451675	0.993856	0.9823439	0.9931925	0.8958353	0.9749954	0.9597034	0.96684694	0.14072722	0.99359083	0.9826921	0.9692446	0.94714254	0.9796771	0.98293847	0.96043324
conventie/noun	0.94185305	0.9506146	0.8855065	0.8744247	0.8772207	0.689055	0.93647665	0.82892424	0.93502325	0.93608797	0.8457607	0.572285	0.88531286	0.83569777	0.8976959	0.85639894	0.91270506	0.98421985	0.9247472	0.9781636	0.9732815	0.91600627	0.8322352	0.64705527	0.8190825	0.9939945	0.8543244	0.98518306	0.0	0.95408946	0.74390614	0.8897805	0.8546655	0.9343265	0.68095815	0.48441178	0.9424692	0.68489313	0.7796567	0.92554414	0.8049403	0.9516271	0.8023372	0.70660853	0.5696547	0.98080873	0.9074375	0.9278749	0.93110996	0.86223	0.9997539	0.9454026	0.83342654	0.92314875	0.7999809	0.93035793	0.936932	0.7138277	0.8634037	0.7069113	0.91431713	0.8817115	0.6023412	0.9084548	0.9350275	0.76361156	0.94813967	0.90438867	0.8544464	0.9520588	0.64534366	0.7566955	0.88253665	0.99160975	0.9221417	0.9879418	0.98495954	0.8740736	0.88221365	0.6097847	0.964757	0.86146754	0.78285396	0.9445671	0.8519311	0.74854004	0.9460158	0.9580832	0.6333297	0.95462275	0.9316703	0.8022734	0.94139504	0.89043915	0.9014516	0.8129783	0.88243264	0.96374106	0.7691492	1.0	0.6441691	0.9422333	0.7927465	0.54766864	0.88137513	0.8772946	0.7674029
rijbewijs/noun	0.75141394	0.81431675	0.7728567	0.6864158	0.8711405	0.9651329	0.9086833	0.7172761	0.9426667	0.7596358	0.7043948	0.86045915	0.91462547	0.8769117	0.90699285	0.7399578	0.7982192	0.99067456	0.98160976	0.99923235	0.24122006	0.9728962	0.9952139	0.8038044	0.9403564	0.31294483	0.7882753	0.9995335	0.95408946	0.0	0.8731104	0.7842884	0.870183	0.9452682	0.8775656	0.8882523	0.5399005	0.97966677	0.6554189	0.56256473	0.98801214	0.51038766	0.9573183	0.9743004	0.82917225	0.93740976	0.9271119	0.8981385	0.9258436	0.7857714	0.36686134	0.75992167	0.89660984	0.90489244	0.6807276	0.23462737	0.8938619	0.84459054	0.84207153	0.750062	0.95670635	0.83999586	0.8024407	0.9034561	0.53092444	0.87800896	1.0	0.37565053	0.9645752	0.9168852	0.9195034	0.91428447	0.8575917	0.67649126	0.2922346	0.97862786	0.52775764	0.8994303	0.66562593	0.9036874	0.9216858	0.6959633	0.9261766	0.91922164	0.9635701	0.93675065	0.44542181	0.78705424	0.99808997	0.797321	0.3648649	0.7812736	0.84933543	0.41377354	0.47239178	0.9660575	0.76190007	0.9163253	0.9809952	1.0	0.9231249	0.9437592	0.91856056	0.74530065	0.7353189	0.93592536	0.9442857
bon/noun	0.8655024	0.87852526	0.98658496	0.9019198	0.77869326	0.861056	0.9586998	0.8625332	0.90463686	0.9800282	0.8313439	0.932314	0.9886324	0.7666107	0.83853334	0.7710474	0.883267	0.98386234	0.49723488	0.98921007	0.9060388	0.9047311	0.99904275	0.8596543	0.96430594	0.90290153	0.81513023	0.99201965	0.74390614	0.8731104	0.0	0.9316746	0.80240875	0.7859956	0.83594894	0.91342795	0.85072947	0.934672	0.7022455	0.9615216	0.9175607	0.75364196	0.7727003	0.9675356	0.8093231	0.92195636	0.99550706	0.9360193	0.90637916	0.9255676	0.9257517	0.7189451	0.9135075	0.9640328	0.89886105	0.9017414	0.8335128	0.9105407	0.9779556	0.74460065	0.98312473	0.93158525	0.9552012	0.5790284	0.7954806	0.87704515	1.0	0.6865126	0.9246403	0.67369986	0.9071223	0.84669954	0.8384436	0.97935957	0.8526681	0.8673794	0.95211136	0.8577318	0.86058056	0.90344715	0.9855464	0.82810086	0.83344567	0.9537741	0.9501246	0.7757947	0.812048	0.71667933	0.9182306	0.97888094	0.92407084	0.91375196	0.8208513	0.9240996	0.70903325	0.8796944	0.862748	0.8184218	0.87124306	1.0	0.914536	0.7665485	0.8423492	0.80571026	0.797083	0.9901037	0.8017284
stem_biljet/noun	0.99080217	0.922157	0.94994986	0.8100127	0.8592615	0.87681884	0.9642858	0.865611	0.81503826	0.93191195	0.90849125	0.72382665	0.8696014	0.90980804	0.88540095	0.8535984	0.751912	0.9827212	0.96054214	1.0	0.80366004	0.9337073	0.79849994	0.91531926	0.8335565	0.89976525	0.7767135	0.9644148	0.8897805	0.7842884	0.9316746	0.0	0.81407857	0.9477936	0.7831324	0.6327456	0.7586343	0.6145388	0.70441616	0.8941434	0.9581398	0.99204206	0.8241465	0.730296	0.8657336	0.9788978	0.5552316	0.94292754	0.7584259	0.8889437	0.8408407	0.7253897	0.8836713	0.9248135	0.86851203	0.74632233	0.9324878	0.79205537	0.9110208	0.59443563	0.9504829	0.9211087	0.7818444	0.8623291	0.74600196	0.7188467	0.9022958	0.6599288	0.64764214	0.9692131	0.8890833	0.7299321	0.9347926	0.9839975	0.68789756	0.97999454	0.7953471	0.65610504	0.796862	0.74863356	0.903032	0.723619	0.7288839	0.70730615	0.93772364	0.82311	0.6402743	0.86648136	0.80680424	0.89160013	0.76678	0.7776758	0.81501067	0.7779369	0.94200003	0.6625002	0.7696469	0.97872436	0.59537613	0.9891768	0.8331373	0.89561534	0.84847623	0.84750825	0.7247891	0.85002565	0.67748827
slechts/adv	0.7134161	0.7627541	0.76629204	0.6898922	0.6234062	0.7893917	0.8637994	0.6735468	0.8316477	0.9061184	0.7637862	0.7803215	0.8435687	0.65549767	0.62334216	0.76023066	0.73144054	0.9622232	0.8133956	0.67077994	0.80448985	0.8944057	0.915662	0.7811955	0.87612885	0.91343343	0.7024307	0.7053518	0.8546655	0.870183	0.80240875	0.81407857	0.0	0.6986357	0.8177598	0.88509595	0.82384706	0.8670438	0.8457855	0.8993127	0.8040448	0.8921857	0.6055126	0.85332954	0.6648731	0.8101996	0.8701287	0.81131536	0.7783327	0.7807349	0.87088203	0.82149374	0.7824294	0.85010827	0.7611797	0.77663505	0.88655746	0.8098211	0.81932735	0.75188774	0.90760064	0.760122	0.6995518	0.7155355	0.69131655	0.63191164	0.73787856	0.71447814	0.809546	0.7984545	0.7813605	0.83317757	0.69117165	0.8549992	0.66110075	0.6423871	0.7734415	0.90386474	0.7384231	0.79199135	0.9504887	0.6911477	0.84605134	0.8201217	0.7812891	0.842999	0.8091369	0.6339133	0.77133363	0.76187325	0.74317145	0.64400864	0.73405313	0.82691586	0.7444214	0.8500663	0.7230123	0.7697225	0.8651636	0.640841	0.84993356	0.6938013	0.7876252	0.8500449	0.6205822	0.84939253	0.74880385
excuus/noun	0.96056074	0.725883	0.96108836	0.8639865	0.9847149	0.86255467	0.58880746	0.96139085	0.88060284	0.99025387	0.7909317	0.8706106	0.99858725	0.8726124	0.98140943	0.9001848	0.97008795	0.9907571	0.9878506	0.9701212	0.9633652	0.983173	0.95608133	0.9594802	0.9601755	0.9843852	0.9500989	0.97353137	0.9343265	0.9452682	0.7859956	0.9477936	0.6986357	0.0	0.878703	0.9614879	0.98664176	0.9628173	0.95107025	0.99900657	0.9830814	0.97788656	0.98551446	0.9448053	0.7003336	0.99951774	0.9900335	0.9650962	0.7425516	0.953397	0.9436064	0.8915928	0.70197	0.9073651	0.8633144	0.928583	0.9440596	0.97972894	0.9760448	0.9175698	0.96130955	0.8225666	0.92648005	0.25643206	0.8040411	0.97508645	0.9734554	0.79821134	0.9232037	0.9888029	0.6490712	0.9526332	0.5095653	0.95822775	0.8938603	0.9860676	0.98146147	0.8407555	0.9382216	0.9573812	0.8724466	0.8061694	0.9683643	0.7623187	0.99283415	0.9948929	0.9246401	0.9087268	0.95927143	0.8303972	0.9577073	0.8777374	0.92135376	0.9076515	0.8873353	0.8847802	0.95520484	0.9695967	0.96040684	0.98178923	0.90398836	0.9789648	0.9258077	0.77763927	0.7724	0.9918923	0.6176518
