	Habibie/name	aanbesteding/noun	aanbieding/noun	abonnement/noun	accoord/noun	adres/noun	advies/noun	algemeen/adj	alibi/noun	alleen/adj	alternatief/noun	altijd/adv	arbeid_vergunning/noun	argument/noun	arrangement/noun	bekentenis/noun	besluit/noun	betaal_middel/noun	biljet/noun	bod/noun	bon/noun	boord_document/noun	bouw_aanvraag/noun	conventie/noun	dagvaarding/noun	die/det	diploma/noun	dit/det	document/noun	doelpunt/noun	door/adj	eind_uitslag/noun	en/vg	enkel/adj	enquête/noun	euro/noun	excuus/noun	exploitatie_vergunning/noun	frank/noun	gemeente/noun	gewoon/adj	gezien/adj	goal/noun	goedkeuring/noun	handtekening/noun	huur_contract/noun	huwelijk/noun	identiteitsbewijs/noun	jaar/noun	juridisch/adj	kaart/noun	kandidatuur/noun	lang/adj	licentie/noun	lid_kaart/noun	niet/adv	nog/adv	offerte/noun	onbeperkt/adj	onverminderd/adj	overeenkomst/noun	papier/noun	paspoort/noun	patent/noun	poging/noun	principe/noun	rechtbank/noun	rede/noun	reden/noun	referendum/noun	regel/noun	reis_pas/noun	reservatie/noun	rijbewijs/noun	slechts/adv	status/noun	stem/noun	stem_biljet/noun	strip_kaart/noun	tarief/noun	ten/adv	ticket/noun	toelating/noun	toestemming/noun	treffer/noun	trein_kaart_DIM/noun	typering/noun	uitkomst/noun	uitslag/noun	universeel/adj	verblijf_status/noun	verblijfsvergunning/noun	vergunning/noun	verklaring/noun	vervoer_bewijs/noun	verzekering/noun	verzoek/noun	visum/noun	vonnis/noun	voorwaarde/noun	wagen/noun	wereldwijd/adj	werk_vergunning/noun	wet/noun	wijze/noun	wil_beschikking/noun	ze/pron
Habibie/name	0.0	0.9625354	0.9913533	0.9895422	0.8123117	0.94100225	0.86820966	0.799403	0.9417933	0.9221644	0.6890733	0.9910327	0.9907155	0.80106133	0.98652667	0.93574893	0.5663696	0.963161	0.9367235	0.97144455	0.9675356	0.99849224	0.94721454	0.7066084	0.93003774	0.84569156	0.97879857	0.7911401	0.9172048	0.79117584	0.99675775	0.55294174	0.96369946	0.8791485	0.71825325	0.98224944	0.9448053	0.9202429	0.9971167	0.8386993	0.9819775	0.9775492	0.99289715	0.75397664	0.6500063	0.87374616	0.8837714	0.91692734	0.98227775	0.85678095	0.9326915	0.39639086	0.99775964	0.7835764	0.9963611	0.94536424	0.87714165	0.9066376	0.947209	0.9756407	0.9076621	0.96067977	0.9696635	0.9575795	0.72866076	0.91881746	0.8520895	0.6460767	0.7724608	0.40763468	0.9178362	0.999524	0.9936442	0.9743004	0.85332954	0.82343566	0.45937598	0.730296	0.95528215	0.95787555	0.9199247	0.98850316	0.9013019	0.71057296	0.7892815	0.98241556	0.96404386	0.6861689	0.51377225	0.93622696	0.9140868	0.89952403	0.91050255	0.90217406	0.9637296	0.9775711	0.7015277	0.90662277	0.9517525	0.81297165	0.98420733	0.9883894	0.9576709	0.82176256	0.94092155	0.78531176	0.9535277
aanbesteding/noun	0.9625354	0.0	0.7108269	0.965202	0.7289847	0.9888181	0.5467726	0.6122664	0.981735	0.8020664	0.65776503	0.8651924	0.97851074	0.83948267	0.97801733	0.9703758	0.7404349	0.9571573	0.9608191	0.638752	0.9501246	0.9940053	0.52136326	0.85193104	0.95099354	0.72014904	0.9643041	0.8236909	0.91086155	0.95854783	0.9834893	0.94474924	0.9603079	0.7802043	0.96409416	0.869699	0.99283415	0.69627285	0.84777087	0.47282165	0.95834064	0.8150052	0.9706848	0.45733333	0.8437185	0.7643729	0.86938894	0.9792569	0.90349615	0.769211	0.9572667	0.93784434	0.8997696	0.77945644	0.90476114	0.8924198	0.86315155	0.36916488	0.8561739	0.95247835	0.58241165	0.9226204	0.9712806	0.72298723	0.95341736	0.6012211	0.93481815	0.960533	0.8687404	0.85424274	0.5585555	0.8469951	0.9146198	0.9635701	0.7812891	0.93317217	0.9784992	0.9377237	0.9755512	0.8862106	0.881107	0.95235133	0.64891016	0.8311347	0.93120843	0.9632601	0.99219054	0.83844113	0.9663675	0.83326554	0.87751114	0.9039429	0.63521445	0.9668595	0.9957308	0.7947508	0.76538366	0.92263806	0.90482134	0.5305306	0.9852726	0.81583667	0.9065991	0.6009288	0.56675065	0.9199545	0.97103935
aanbieding/noun	0.9913533	0.7108269	0.0	0.5754504	0.9399821	0.9807724	0.91868055	0.8321135	0.87559736	0.8929722	0.8368822	0.8457058	0.85401857	0.9858064	0.3930928	0.9818835	0.9808519	0.9860576	0.8223921	0.94155514	0.67369986	0.9555183	0.97959083	0.9520588	0.99257946	0.85943395	0.9832936	0.8585349	0.9648049	0.9992376	0.87956786	0.99349385	0.7737788	0.85293436	0.97522664	0.73839676	0.9888029	0.93861765	0.7365545	0.9151122	0.86891556	0.9495913	0.97974443	0.87355655	0.97492945	0.9027066	1.0	0.9949808	0.91135615	0.94854105	0.79471934	0.96974057	0.9151085	0.88457197	0.82517236	0.8760443	0.8683906	0.536363	0.72826445	0.8825018	0.8474047	0.9150641	0.93703616	0.9166077	0.92135394	0.8331959	0.9803701	0.92200696	0.94935244	0.9863669	0.9608473	0.92955905	0.9156553	0.9168852	0.7984545	0.8891855	0.8906427	0.9692131	0.7898108	0.6261741	0.9018239	0.6442118	0.8649819	0.8916602	0.98487365	0.62857753	0.94812304	0.89336914	0.9975009	0.9241165	1.0	0.9017045	0.8904001	0.9891323	0.93308115	0.7060504	0.84647036	0.9524183	0.95564085	0.80131114	0.910011	0.8549259	0.95708317	0.9182516	0.9420874	0.97174215	0.95392233
abonnement/noun	0.9895422	0.965202	0.5754504	0.0	0.94540477	0.8296433	0.89712554	0.8493907	0.85124886	0.86206985	0.6130368	0.8781557	0.79129726	0.9866628	0.43846118	0.97745043	0.9755525	0.65136564	0.5603375	0.8762476	0.7665485	0.9399211	0.98674667	0.9422333	0.79472303	0.8965713	0.8108584	0.9158288	0.9556397	0.95234466	0.91201633	0.9686036	0.7651963	0.6591863	0.9670082	0.39604825	0.9789648	0.97651845	0.39948428	0.89500105	0.47101313	0.9402832	0.9681258	0.9784961	0.85975796	0.9308463	0.89663655	0.8248876	0.81965	0.9814374	0.36688536	0.9498544	0.90495116	0.8835314	0.69508684	0.856866	0.82015204	0.87679636	0.42184418	0.94276375	0.9304844	0.89148545	0.79577494	0.8898136	0.94448507	0.8476655	0.98717374	0.91634995	0.9937096	0.964647	0.92523164	0.95615697	0.6486124	0.9437592	0.6938013	0.94915324	0.9230237	0.89561534	0.32649857	0.20737189	0.81235874	0.46448708	0.8170536	0.85936004	0.9826921	0.36542076	0.9974735	0.997697	0.9933695	0.9336849	0.96555436	0.85052955	0.8787123	0.9921501	0.58200026	0.7857673	0.94429696	0.92559457	0.9901366	0.89529824	0.9035151	0.8692986	0.9375847	0.8967819	0.97501653	0.9611877	0.79855216
accoord/noun	0.8123117	0.7289847	0.9399821	0.94540477	0.0	0.7798228	0.8067583	0.58152944	0.9363467	0.7872117	0.93909633	0.87639487	0.9453779	0.71079105	0.96919644	0.886323	0.58547866	0.9457331	0.9116255	0.80294883	0.83344567	0.975354	0.70902574	0.78285396	0.7579642	0.7311373	0.95653486	0.7728255	0.65972805	0.9980184	0.97688645	0.9774465	0.95100653	0.6883464	0.82567126	0.9614663	0.9683643	0.7307639	0.9758864	0.57941437	0.9428248	0.80500317	0.9939725	0.36397153	0.46997344	0.5097109	0.74644786	0.85184115	0.84299517	0.6819453	0.9460703	0.7119235	0.882338	0.76299834	0.9681288	0.9023621	0.7280905	0.75523037	0.83804226	0.9003868	0.2385816	0.75077647	0.91319025	0.8856654	0.7747258	0.6455891	0.78083456	0.9360016	0.85370266	0.50144035	0.7642745	0.954056	0.9463799	0.9261766	0.84605134	0.7425766	0.908098	0.728884	0.8960357	0.79652244	0.7180054	0.9679742	0.5634042	0.68417656	0.98815304	0.9263469	0.98482364	0.7479883	0.8380431	0.8456093	0.8260025	0.8102796	0.6588411	0.7911165	0.8482836	0.8325632	0.6117971	0.86249745	0.62558675	0.57054657	0.9628991	0.95825905	0.8811619	0.50093114	0.9592776	0.6957092	0.8559433
adres/noun	0.94100225	0.9888181	0.9807724	0.8296433	0.7798228	0.0	0.97346807	0.9179774	0.89488447	0.84205544	0.8762683	0.83475506	0.97738653	0.81181645	0.7853342	0.81892973	0.78690803	0.9843259	0.7799009	0.9855532	0.718945	0.7516974	0.9610692	0.9454026	0.41573763	0.938398	0.60499585	0.89836097	0.48552918	0.97222006	0.97515345	0.9809638	0.7494291	0.61930466	0.92548686	0.955128	0.8915928	0.9855972	0.92754555	0.8050387	0.7862964	0.94296885	0.97051555	0.86256886	0.55684733	0.60073507	0.89518476	0.6975833	0.8335328	0.79339707	0.8564894	0.92497015	0.92065436	0.95310384	0.7449283	0.88693833	0.875237	0.97477674	0.85317785	0.9768046	0.7700341	0.5940469	0.5880364	0.9571422	0.8891433	0.8458242	0.7580723	0.9856405	0.8771914	0.823411	0.917056	0.8797174	0.94717383	0.7599216	0.82149374	0.9013317	0.8665504	0.7253897	0.7953607	0.84431547	0.80043805	0.85365665	0.91294694	0.7420585	0.98273635	0.72830516	0.9862732	0.93114877	0.9350465	0.98144287	0.95782804	0.78000766	0.8922603	0.8439064	0.82487386	0.8924025	0.76438534	0.7479992	0.7194443	0.91849196	0.9378035	0.98073894	0.74274206	0.8860727	0.9845817	0.7583281	0.7331319
advies/noun	0.86820966	0.5467726	0.91868055	0.89712554	0.8067583	0.97346807	0.0	0.8160478	0.9235257	0.7767787	0.8193419	0.93824404	0.93709	0.51810396	0.98619545	0.9630659	0.4842065	0.8677449	0.98179466	0.7542628	0.96430594	0.9728592	0.52251416	0.81908244	0.841539	0.84623706	0.94207555	0.7896617	0.830536	0.9911277	0.9887687	0.97699964	0.89349973	0.7797578	0.9202666	0.9402676	0.9601755	0.56137276	0.95526326	0.3871181	0.90351564	0.41635078	0.99034846	0.5542443	0.7441757	0.7492803	0.88493985	0.95082283	0.87359464	0.6446978	0.9312293	0.8499629	0.7889049	0.82292473	0.9576446	0.87392277	0.7758923	0.82254803	0.85117865	0.8978879	0.7712768	0.9322956	0.9565434	0.81540895	0.86735356	0.55834585	0.8169198	0.82649124	0.57812154	0.8224498	0.79145306	0.77316403	0.973266	0.9403564	0.87612885	0.7011096	0.9478652	0.83355653	0.8835862	0.8246007	0.8714256	0.9803585	0.7667404	0.824741	0.98902076	0.8777016	0.9890286	0.81266433	0.91283804	0.91904324	0.9056626	0.8794979	0.55350304	0.9582058	0.88822126	0.8386019	0.72306263	0.8937656	0.7937606	0.56187654	0.97753936	0.9512449	0.9279168	0.7576987	0.7553358	0.7751962	0.91484624
algemeen/adj	0.799403	0.6122664	0.8321135	0.8493907	0.58152944	0.9179774	0.8160478	0.0	0.7736957	0.6472229	0.90960145	0.717412	0.8391104	0.86196494	0.9637166	0.9262767	0.64058316	0.71043813	0.71007705	0.7996042	0.9552012	0.84830093	0.72199035	0.6023412	0.9427672	0.6297113	0.8181063	0.7383412	0.84039366	0.9241383	0.9251647	0.86090654	0.82914656	0.64643747	0.83878654	0.75978065	0.9264801	0.60667396	0.7933027	0.6999212	0.8256438	0.7891563	0.9949321	0.5985693	0.78542507	0.52997684	0.8009718	0.8473137	0.98777	0.63232255	0.8104963	0.7910802	0.95949966	0.72449064	0.78133315	0.74699175	0.7825834	0.6406138	0.7439559	0.9630099	0.6446868	0.8460901	0.87701625	0.88046247	0.9225857	0.59490645	0.8137123	0.757307	0.8619498	0.6859404	0.5399909	0.998901	0.9228447	0.8024407	0.6995518	0.7229556	0.8124024	0.7818444	0.814963	0.77133787	0.7374493	0.9511898	0.5721201	0.6999033	0.927473	0.891145	0.8674038	0.8459046	0.8134039	0.50386715	0.77761877	0.7035947	0.5848415	0.7667716	0.7717663	0.76121986	0.7758096	0.804708	0.86303383	0.6737383	0.9234499	0.795985	0.75684464	0.42522717	0.8363448	0.8442467	0.8368386
alibi/noun	0.9417933	0.981735	0.87559736	0.85124886	0.9363467	0.89488447	0.9235257	0.7736957	0.0	0.8450563	0.9497361	0.7526009	0.93513346	0.6387502	0.8591919	0.7612423	0.9051527	0.86512125	0.9543951	0.984879	0.57902837	0.9381956	0.9759918	0.9084548	0.8263186	0.7762686	0.9532166	0.7752112	0.7583623	0.96543163	0.971072	0.9757856	0.89859855	0.7798651	0.9315419	0.87552583	0.256432	0.9333441	0.8664789	0.8883997	0.77528346	0.8738743	0.9346351	0.9041859	0.84716195	0.75842285	0.99797463	0.92682993	0.9614718	0.7778593	0.946034	0.9363253	0.97023255	0.911868	0.96586746	0.7382338	0.88543344	0.8744186	0.8650927	0.9983499	0.9458602	0.8806964	0.9171934	0.9875386	0.89597404	0.7934546	0.76416504	0.7280488	0.8746309	0.92575	0.9006762	0.9432128	0.9252689	0.90345603	0.7155355	0.91013134	0.93416387	0.8623291	0.93150425	0.7463332	0.8227356	0.8341731	0.79964375	0.87745905	0.9449857	0.90678716	0.8553684	0.9827574	0.9989045	0.6134664	0.97184366	0.8693393	0.8676813	0.4860521	0.86709815	0.81139886	0.773978	0.84784716	0.90844357	0.91616607	0.89568937	0.8368507	0.89049315	0.81529695	0.89019185	0.70586485	0.8191413
alleen/adj	0.9221644	0.8020664	0.8929722	0.86206985	0.7872117	0.84205544	0.7767787	0.6472229	0.8450563	0.0	0.97309744	0.74587655	0.8183248	0.76008093	0.9567341	0.9225599	0.69372785	0.8862256	0.7231127	0.827517	0.91375196	0.7653947	0.867576	0.8022734	0.8094663	0.70306927	0.6848586	0.80279267	0.7765555	0.96304727	0.74041176	0.96072763	0.64408773	0.6161941	0.9596384	0.85612535	0.8777374	0.7918646	0.8764941	0.7352339	0.69746363	0.6162921	0.9541413	0.8055205	0.7705344	0.6585212	0.7812141	0.7775987	0.8074583	0.7095815	0.7320802	0.8354435	0.7649383	0.5925661	0.71861887	0.6537975	0.7712617	0.86815995	0.6108514	0.9236868	0.7653583	0.6902759	0.7696885	0.8223897	0.7476345	0.5828701	0.8766706	0.8227469	0.83265215	0.8199948	0.73162115	0.8958717	0.7709588	0.78127354	0.64400864	0.8289503	0.8836658	0.77767587	0.9097322	0.8118693	0.8898487	0.80912346	0.698103	0.706591	0.9451675	0.84806347	0.83819765	0.90972817	0.8990606	0.77927446	0.84111303	0.6401496	0.5530338	0.86570925	0.8810177	0.72981524	0.7798258	0.6744257	0.87761855	0.60962415	0.9052884	0.8247716	0.7711431	0.6642636	0.8935846	0.7916609	0.57175684
alternatief/noun	0.6890733	0.65776503	0.8368822	0.6130368	0.93909633	0.8762683	0.8193419	0.90960145	0.9497361	0.97309744	0.0	0.9057444	0.982732	0.9231903	0.82248837	0.98407614	0.78969073	0.74188817	0.9855647	0.8844572	0.90473104	0.96811074	0.8882885	0.91600627	0.8365242	0.9140354	0.8682355	0.88784266	0.9701582	0.99979067	0.9942247	0.71216434	0.9011333	0.8822564	0.97041583	0.90897614	0.983173	0.9545998	0.90652144	0.8588628	0.5788223	0.9617091	0.9985396	0.8604555	0.7737431	0.94110054	0.9214061	0.99682695	0.8579503	0.9220787	0.8077712	0.74181867	0.97279567	0.98807395	0.98852295	0.9184127	0.9072262	0.62555504	0.73437464	0.9613079	0.84554577	0.9692857	0.9225911	0.92108524	0.80797136	0.8869804	0.98196805	0.82554084	0.97666353	0.79836553	0.85777503	0.95793086	0.9977608	0.9728962	0.8944057	0.90786564	0.8794208	0.9337073	0.49337792	0.5931958	0.894191	0.9312481	0.91379654	0.84974	0.9986933	0.60960853	0.96323603	0.7618921	0.7895759	0.95300937	0.9707426	0.9854964	0.9174969	0.9421554	0.6495078	0.9119584	0.83089626	0.98542166	0.965353	0.8571354	0.93614143	0.93386024	0.99337626	0.85519177	0.82718325	0.96071184	0.8305698
altijd/adv	0.9910327	0.8651924	0.8457058	0.8781557	0.87639487	0.83475506	0.93824404	0.717412	0.7526009	0.74587655	0.9057444	0.0	0.9859534	0.80608356	0.97262627	0.93542206	0.86142373	0.91040397	0.86047333	0.98112965	0.87852526	0.72293484	0.9126299	0.9506145	0.91648495	0.8162099	0.8095168	0.800614	0.7894628	0.99273556	0.9634262	0.8979264	0.86237127	0.6636424	0.97888774	0.932141	0.725883	0.8047284	0.9206276	0.8962046	0.7773196	0.8787184	0.92309463	0.8526988	0.79138947	0.69562423	0.988407	0.8203511	0.8912343	0.7648803	0.8732549	0.9543169	0.6383376	0.92045796	0.66319036	0.59728265	0.856925	0.89879584	0.8914815	0.91709256	0.87006235	0.7651234	0.82966286	0.9834716	0.9564611	0.89424694	0.9570529	0.8667431	0.79334664	0.94404405	0.8217639	0.9623713	0.9837329	0.81431675	0.7627541	0.9772782	0.95909333	0.922157	0.9348643	0.89676553	0.8897649	0.9503164	0.8974377	0.7662587	0.94419515	0.94908863	0.9693801	0.944159	0.9032713	0.8654815	0.9458351	0.8412651	0.874051	0.70701694	0.9347561	0.86245203	0.8272304	0.85773754	0.93867046	0.91145706	0.8232956	0.9432014	0.8383442	0.86596674	0.9542245	0.98449486	0.6904119
arbeid_vergunning/noun	0.9907155	0.97851074	0.85401857	0.79129726	0.9453779	0.97738653	0.93709	0.8391104	0.93513346	0.8183248	0.982732	0.9859534	0.0	0.9911424	0.98656684	0.88535595	0.85837734	0.9676638	0.8364167	0.82380444	0.97935957	0.90025264	0.97341037	0.99160975	0.99926704	0.8516091	0.9534456	0.9899937	0.7843782	0.9591644	0.88402796	0.9728147	0.8388988	0.73101246	0.963193	0.89357954	0.95822775	0.9098315	0.9052888	0.9387983	0.9325455	0.8798517	0.97820354	0.8992778	0.92838216	0.88304025	0.7521091	0.7477773	0.9294912	0.8982019	0.847726	0.7516076	0.6551816	0.60571253	0.9457944	0.7791525	0.9466415	0.8868369	0.57127196	0.999362	0.8737072	0.6629381	0.6014012	0.66065603	0.6738107	0.71326566	0.96235394	0.6940713	0.73150975	0.97519934	0.82141304	0.6939021	0.9275455	0.67649126	0.8549992	0.90501565	0.9910981	0.9839975	0.8604636	0.7376065	0.8908653	0.8729794	0.4419523	0.6958178	0.994447	0.8679017	0.988626	0.9618557	0.9734708	0.8470485	0.92347324	0.65820765	0.62937546	0.972189	0.96383774	0.7123343	0.5639174	0.6706326	0.99143964	0.60758054	0.8532704	0.6871882	0.5975472	0.8499305	0.9731957	0.99523026	0.6633474
argument/noun	0.80106133	0.83948267	0.9858064	0.9866628	0.71079105	0.81181645	0.51810396	0.86196494	0.6387502	0.76008093	0.9231903	0.80608356	0.9911424	0.0	0.98352194	0.7795333	0.5353811	0.9063374	0.9112785	0.9598273	0.8017284	0.9774341	0.91372395	0.7674029	0.5746453	0.80626786	0.88934326	0.6659769	0.67763823	0.990005	0.988676	0.9902898	0.9001473	0.69987935	0.8786395	0.97503805	0.6176518	0.6601157	0.99224013	0.62358946	0.8634411	0.537498	0.98895866	0.679268	0.687858	0.7341727	0.9291844	0.8941055	0.82615054	0.54763377	0.98008907	0.82232213	0.75522125	0.8549592	0.9613134	0.7465216	0.81557524	0.97059804	0.8871836	0.8526146	0.7908243	0.88416034	0.9392611	0.80204064	0.7997964	0.61557746	0.54036427	0.67098325	0.5532681	0.70824695	0.70076	0.9634765	0.972389	0.9442857	0.74880385	0.5996149	0.7872008	0.67748827	0.98444337	0.894397	0.7967051	0.96074665	0.75147825	0.73072284	0.96043324	0.9162245	0.8697095	0.63361645	0.7722859	0.6862789	0.88339716	0.8868994	0.65530133	0.70248413	0.9806935	0.7940602	0.5612491	0.8916917	0.4126671	0.7306521	0.9631187	0.90504324	0.96016467	0.6257882	0.9062934	0.7720003	0.8775966
arrangement/noun	0.98652667	0.97801733	0.3930928	0.43846118	0.96919644	0.7853342	0.98619545	0.9637166	0.8591919	0.9567341	0.82248837	0.97262627	0.98656684	0.98352194	0.0	0.9934341	0.97373253	0.96151304	0.8691339	0.9401371	0.49723494	0.9874028	0.9955245	0.9247472	0.791095	0.9114632	0.8168541	0.87157094	0.95298785	0.9869498	0.97315204	0.95481086	0.81963277	0.82904816	0.9952299	0.71447575	0.9878506	0.99802077	0.68458986	0.95488715	0.7619572	0.9767781	0.9926571	0.9973048	0.9718469	0.92229486	0.89513487	0.99692	0.8269588	0.9900169	0.7868499	0.9869339	0.9824578	0.9774863	0.8647652	0.98694116	0.9205092	0.87465566	0.75667775	0.9082444	0.9813906	0.97767967	0.8506542	0.99419194	1.0	0.9579729	1.0	0.9566731	0.9886059	0.96937317	0.996056	0.9909109	0.7888583	0.98160976	0.8133956	0.9972455	0.82623947	0.96054214	0.6702577	0.536362	0.8526703	0.5276128	0.93708503	0.972613	0.9930606	0.68061	0.9854388	0.9879893	0.9781798	0.98962665	0.9998456	0.98692626	1.0	1.0	0.90296876	0.89604133	0.9795866	0.96030694	0.9817002	0.97473836	0.9491338	0.9889863	0.9676822	0.96674573	0.9251974	1.0	0.9150554
bekentenis/noun	0.93574893	0.9703758	0.9818835	0.97745043	0.886323	0.81892973	0.9630659	0.9262767	0.7612423	0.9225599	0.98407614	0.93542206	0.88535595	0.7795333	0.9934341	0.0	0.86040413	0.90773624	0.9788798	0.9231827	0.9586998	0.94064945	0.9705843	0.93647665	0.5549674	0.622362	0.82231045	0.9123608	0.74088323	0.99588805	0.8931239	1.0	0.87858564	0.7831085	0.99583995	0.9929701	0.58880746	0.9820521	0.99610704	0.9425799	0.9327116	0.9240142	0.9741843	0.88260424	0.81096095	0.9428256	0.92009777	0.9023374	0.9811618	0.86406815	0.9654087	0.78132415	0.9811751	0.7697049	0.9917608	0.9199081	0.9194991	0.9837152	0.9360575	0.9258102	0.9092249	0.78782713	0.90545356	0.86670935	0.7870744	0.8774906	0.57836163	0.797696	0.8722722	0.95264655	0.9214773	0.92492706	0.9816191	0.9086833	0.86379945	0.8324107	0.96771646	0.9642858	0.99466646	0.989745	0.80744916	0.99465436	0.8576974	0.8747574	0.95582366	0.89949393	0.5965737	0.96805453	0.9399714	0.5661562	0.8798086	0.894379	0.8871487	0.5109205	0.9640306	0.9167066	0.816813	0.9200432	0.7012738	0.8706621	0.96055454	0.8463948	0.9294698	0.89301354	0.7466934	0.7699662	0.85747415
besluit/noun	0.5663696	0.7404349	0.9808519	0.9755525	0.58547866	0.78690803	0.4842065	0.64058316	0.9051527	0.69372785	0.78969073	0.86142373	0.85837734	0.5353811	0.97373253	0.86040413	0.0	0.8079432	0.78048617	0.8100399	0.932314	0.9299017	0.6852077	0.57228494	0.7291001	0.72654164	0.8943075	0.70475554	0.69054806	0.96792305	0.9905663	0.68144995	0.90179616	0.7090298	0.8513486	0.8874293	0.8706106	0.7708703	0.9314719	0.5567683	0.87223727	0.62363493	0.9755575	0.59611714	0.5568325	0.66879237	0.6904752	0.87103635	0.8099982	0.53621244	0.93955904	0.48226	0.82511675	0.8073694	0.87286925	0.8027756	0.7210193	0.87911916	0.8334162	0.9403623	0.6698458	0.7225176	0.8043637	0.7865711	0.65100795	0.6150373	0.6544598	0.6436256	0.6068222	0.46805406	0.66402745	0.83504677	0.99532425	0.8604591	0.7803215	0.58908457	0.7482991	0.72382665	0.8742099	0.877641	0.78017914	0.9691416	0.69261986	0.6274121	0.96302843	0.9305308	0.97856164	0.6299987	0.62005997	0.7384374	0.8749118	0.80951273	0.63580793	0.7856468	0.82177806	0.89885	0.4689052	0.80149204	0.63496685	0.52964675	0.99499696	0.84286976	0.69156975	0.57807255	0.8488102	0.7388711	0.73489416
betaal_middel/noun	0.963161	0.9571573	0.9860576	0.65136564	0.9457331	0.9843259	0.8677449	0.71043813	0.86512125	0.8862256	0.74188817	0.91040397	0.9676638	0.9063374	0.96151304	0.90773624	0.8079432	0.0	0.5112233	0.88275707	0.9182306	0.99285877	0.9574005	0.63332963	0.97152466	0.81551754	0.9649592	0.8869591	0.8706988	0.9641284	0.97383296	0.940211	0.8473569	0.84084743	0.96181095	0.522555	0.95927143	0.8888538	0.6098064	0.93807954	0.5667973	0.8209173	0.9655712	0.91115505	0.7168979	0.96373177	0.9551853	0.88696593	0.8967511	0.8041119	0.5471113	0.9208324	0.98462486	0.9644664	0.825134	0.8364047	0.8478565	0.9432678	0.6519852	0.9120748	0.9304855	0.92579424	0.8998545	0.96584165	0.9199093	0.73904955	0.9182916	0.7311574	0.93862695	0.85555255	0.7989448	0.96367973	0.79944396	0.99808997	0.77133363	0.63655376	0.86229265	0.80680424	0.5123526	0.56300306	0.80528384	0.7364001	0.9667073	0.97491586	0.97862494	0.7390901	0.8408129	0.9446717	0.96690565	0.64176214	0.9556601	0.97370946	0.97111744	0.7465304	0.53170633	0.9271249	0.94268876	0.9633973	0.976938	0.9372432	0.99702173	0.80508834	0.99239546	0.7737337	0.8873576	0.97030175	0.8226863
biljet/noun	0.9367235	0.9608191	0.8223921	0.5603375	0.9116255	0.7799009	0.98179466	0.71007705	0.9543951	0.7231127	0.9855647	0.86047333	0.8364167	0.9112785	0.8691339	0.9788798	0.78048617	0.5112233	0.0	0.84553623	0.8770452	0.8210085	0.977649	0.7636115	0.94374967	0.9091872	0.77269673	0.930049	0.844277	0.97316194	0.9038862	0.9568321	0.7891202	0.76191676	0.87466866	0.33931214	0.97508645	0.98784846	0.44064838	0.90987515	0.7233811	0.8425933	0.97341514	0.94685906	0.78266627	0.8109654	0.9922449	0.8666524	0.9047245	0.9291936	0.4825065	0.93611795	0.9043295	0.9201848	0.48361224	0.7995118	0.87230176	0.95058095	0.6557741	0.97062236	0.9181995	0.7545969	0.7602767	0.89137197	0.8587861	0.7260028	0.99275655	0.8722218	0.97222614	0.7719616	0.9414543	0.9517162	0.68072855	0.87800896	0.63191164	0.6653491	0.6765926	0.7188467	0.632151	0.6748054	0.81705534	0.62964827	0.83827734	0.7627963	0.9811157	0.7455975	0.9899291	0.95505285	0.8531201	0.73012644	0.9656321	0.7642219	0.9010564	0.8512393	0.6861129	0.85401917	0.8710998	0.8806443	0.9235981	0.9410842	0.9285227	0.8825999	0.87477505	0.89309853	0.98382026	0.9263685	0.8652989
bod/noun	0.97144455	0.638752	0.94155514	0.8762476	0.80294883	0.9855532	0.7542628	0.7996042	0.984879	0.827517	0.8844572	0.98112965	0.82380444	0.9598273	0.9401371	0.9231827	0.8100399	0.88275707	0.84553623	0.0	0.92195636	1.0	0.7334906	0.98080873	0.97251284	0.8712324	0.9750588	0.85081255	0.9198926	0.999803	0.99248576	0.9982977	0.976801	0.8891898	0.96575207	0.7239632	0.99951774	0.6487095	0.72719455	0.6638553	0.99274844	0.7595061	0.99862576	0.713834	0.944469	0.86162513	0.88145727	0.9871692	0.868294	0.7732156	0.86459076	0.7852092	0.9774042	0.70631075	0.864527	0.95960885	0.8103922	0.6041228	0.9354225	0.9757126	0.7334886	0.9814471	0.9544565	0.785053	0.9430421	0.7194141	0.9667845	0.98015314	0.97520316	0.8727983	0.8404621	0.95943654	0.78064585	0.93740976	0.8101996	0.96373403	0.99990904	0.9788978	0.9746064	0.8674509	0.80705917	0.83635163	0.73264974	0.8681228	0.99713504	0.98061556	0.9985614	0.96144843	0.995262	0.9912146	0.8703005	0.8921141	0.5864519	0.9614278	0.98180526	0.8635912	0.89846855	0.95622784	0.934239	0.57931805	0.9990313	0.9081062	0.9355797	0.80312294	0.80150574	0.9574519	0.9454921
bon/noun	0.9675356	0.9501246	0.67369986	0.7665485	0.83344567	0.718945	0.96430594	0.9552012	0.57902837	0.91375196	0.90473104	0.87852526	0.97935957	0.8017284	0.49723494	0.9586998	0.932314	0.9182306	0.8770452	0.92195636	0.0	0.90290153	0.9800282	0.7439061	0.90637916	0.8093231	0.95211136	0.8796944	0.68651265	1.0	0.98386234	1.0	0.85072947	0.82810086	0.99904275	0.7727003	0.7859956	0.9901037	0.7786933	0.8151302	0.8313438	0.861056	0.98921007	0.8466995	0.74460065	0.7022455	0.9779556	0.812048	0.8184218	0.83594894	0.83853334	0.914536	0.8335128	0.9255676	0.8655024	0.9135075	0.93158525	0.9360193	0.883267	0.9615216	0.77579474	0.8526681	0.9060388	0.9886324	0.97888094	0.8423492	0.9537741	0.80571026	0.89886105	0.934672	0.8596543	0.9257517	0.8673794	0.8731104	0.80240875	0.91342795	0.9246403	0.9316746	0.9175607	0.7666106	0.9019198	0.71667933	0.7710474	0.862748	0.99201965	0.8208513	0.9855464	0.87124306	0.99550706	0.9071223	0.98658496	0.9240996	0.86058056	0.8384436	0.9105407	0.70903325	0.797083	0.9017414	0.90463686	0.8625332	0.75364196	0.98312473	0.92407084	0.90344715	0.9640328	0.8577318	0.7954806
boord_document/noun	0.99849224	0.9940053	0.9555183	0.9399211	0.975354	0.7516974	0.9728592	0.84830093	0.9381956	0.7653947	0.96811074	0.72293484	0.90025264	0.9774341	0.9874028	0.94064945	0.9299017	0.99285877	0.8210085	1.0	0.90290153	0.0	0.9892849	0.9939945	0.9480814	0.90971005	0.6217966	0.9893132	0.72789156	0.98582387	0.97416663	0.9908016	0.5833938	0.69154894	0.9969512	0.96946377	0.9843852	0.9996076	0.9424616	0.9819193	0.8889288	0.970281	0.9895478	0.97052014	0.83565533	0.63859963	0.98994535	0.6002077	1.0	0.9689146	0.8683176	0.98205996	0.9878873	0.91257125	0.624601	0.8707149	0.95041096	0.9256132	0.91337574	0.8913975	0.954962	0.5017643	0.5309862	0.9628889	0.94872594	0.9666635	0.97168577	0.8540282	0.99500084	0.99695915	0.94078296	0.7894945	0.9253233	0.31294483	0.91343343	0.9625754	0.99124324	0.8997653	0.98653436	0.94542277	0.9645228	0.9116582	0.9396955	0.86829656	0.99820787	0.924811	0.99081254	0.99852526	0.9099366	0.99138856	0.93476677	0.7071368	0.84885645	0.8735231	0.92077017	0.4536332	0.9837057	0.67233646	0.98885304	0.9007309	0.24244976	0.9883031	0.6621086	0.94551134	0.99933094	0.86203104	0.6273322
bouw_aanvraag/noun	0.94721454	0.52136326	0.97959083	0.98674667	0.70902574	0.9610692	0.52251416	0.72199035	0.9759918	0.867576	0.8882885	0.9126299	0.97341037	0.91372395	0.9955245	0.9705843	0.6852077	0.9574005	0.977649	0.7334906	0.9800282	0.9892849	0.0	0.93608797	0.919134	0.8690809	0.9784492	0.7407557	0.73545897	0.9966472	0.9665133	0.99281794	0.89977825	0.80140334	0.97165227	0.96921974	0.99025387	0.6339012	0.86381495	0.42472732	0.79044807	0.87538576	0.98997724	0.555814	0.82287055	0.77241665	0.8390821	0.9665825	0.9634261	0.6822958	0.97652656	0.81744266	0.9649078	0.8934561	0.98026186	0.9160476	0.7060367	0.6458636	0.95805866	0.59272814	0.6389891	0.83619964	0.82704985	0.8643666	0.9783229	0.73848677	0.94938016	0.9632721	0.6223767	0.79664075	0.82759404	0.5650096	0.94907284	0.75963575	0.9061184	0.95568025	0.99334556	0.93191195	0.94463116	0.9166891	0.62091434	0.9882765	0.7513128	0.87593865	0.97578824	0.9893159	0.98836774	0.98788023	0.9991095	0.93180954	0.891072	0.7810703	0.7020067	0.92325765	0.9644932	0.9601095	0.8372784	0.7613859	0.9242343	0.7508775	0.9938482	0.96800363	0.95662934	0.711587	0.59527737	0.9227996	0.9448026
conventie/noun	0.7066084	0.85193104	0.9520588	0.9422333	0.78285396	0.9454026	0.81908244	0.6023412	0.9084548	0.8022734	0.91600627	0.9506145	0.99160975	0.7674029	0.9247472	0.93647665	0.57228494	0.63332963	0.7636115	0.98080873	0.7439061	0.9939945	0.93608797	0.0	0.93110996	0.5696547	0.98495954	0.8129783	0.90438867	1.0	0.98421985	0.9481396	0.9424692	0.86146754	0.8322352	0.8023372	0.9343265	0.8772946	0.87722063	0.8543244	0.84576064	0.689055	0.9781636	0.75669545	0.70691127	0.7796567	0.8634037	0.9460158	0.963741	0.68095815	0.8976959	0.6441691	0.936932	0.86223	0.94185305	0.8334265	0.8817114	0.92787486	0.91270506	0.92554414	0.74854004	0.9221417	0.9732815	0.8853128	0.95462275	0.7927464	0.9445671	0.54766846	0.7999808	0.68489313	0.64705527	0.9997539	0.9879418	0.9540894	0.85466546	0.48441172	0.8544464	0.8897805	0.8049402	0.8356977	0.8744247	0.9580832	0.85639894	0.8824326	0.98518306	0.941395	0.96475697	0.7691491	0.9074375	0.6453436	0.8855065	0.89043915	0.88221365	0.88253665	0.71382767	0.9014516	0.8813751	0.93035793	0.93502325	0.82892424	0.951627	0.91431713	0.9316703	0.6097846	0.92314875	0.8740736	0.9350275
dagvaarding/noun	0.93003774	0.95099354	0.99257946	0.79472303	0.7579642	0.41573763	0.841539	0.9427672	0.8263186	0.8094663	0.8365242	0.91648495	0.99926704	0.5746453	0.791095	0.5549674	0.7291001	0.97152466	0.94374967	0.97251284	0.90637916	0.9480814	0.919134	0.93110996	0.0	0.8788864	0.7407392	0.6753154	0.6933925	0.96521235	0.9835058	0.9786716	0.84582067	0.65094954	0.95965356	0.96727055	0.74255157	0.8964166	0.9322616	0.83925885	0.832956	0.87642634	0.966318	0.796065	0.7335771	0.71949553	0.888875	0.8665833	0.89689237	0.7011016	0.87480915	0.87367225	0.9370565	0.92204416	0.9387904	0.8527608	0.874337	0.9538566	0.86695004	0.89904463	0.8463762	0.75103503	0.7953993	0.9144863	0.74611986	0.89009196	0.39275008	0.9246261	0.83418983	0.8711535	0.94783753	0.9080703	0.9358601	0.9258436	0.77833265	0.85522765	0.9695029	0.75842583	0.7651576	0.78274286	0.7109646	0.8778747	0.8073576	0.7991584	0.91618896	0.8018245	0.8796776	0.92435503	0.9878932	0.867877	0.8294942	0.8686087	0.8415884	0.7421118	0.91456604	0.97466946	0.67811143	0.8975201	0.41363984	0.9139961	0.9718338	0.96561176	0.9079093	0.82274747	0.9117545	0.7484411	0.824976
die/det	0.84569156	0.72014904	0.85943395	0.8965713	0.7311373	0.938398	0.84623706	0.6297113	0.7762686	0.70306927	0.9140354	0.8162099	0.8516091	0.80626786	0.9114632	0.622362	0.72654164	0.81551754	0.9091872	0.8712324	0.8093231	0.90971005	0.8690809	0.5696547	0.8788864	0.0	0.8454363	0.8326519	0.78979933	0.80745244	0.88559574	0.8431721	0.8422478	0.74895537	0.88998044	0.94065386	0.7003336	0.8192959	0.9300939	0.7525484	0.88925284	0.81790006	0.7828421	0.716081	0.73546004	0.68832123	0.7376833	0.8931753	0.96623784	0.5760778	0.89643645	0.6971571	0.95143795	0.7387717	0.9014277	0.6644075	0.74435425	0.7821009	0.7461471	0.862698	0.7547088	0.75159633	0.92153716	0.873181	0.8880318	0.7490305	0.84181416	0.6418563	0.94418657	0.7162154	0.698135	0.9110114	0.9329494	0.82917225	0.6648732	0.8233567	0.8289735	0.8657336	0.9393617	0.84148324	0.75132316	0.94699055	0.6683018	0.73461664	0.87166226	0.94903934	0.8438216	0.9236126	0.9110723	0.52974	0.818741	0.76537347	0.6829129	0.6667604	0.9157079	0.73699677	0.74934715	0.81879497	0.90301377	0.71370196	0.83949935	0.8424373	0.87155825	0.579894	0.80549663	0.79847574	0.7460788
diploma/noun	0.97879857	0.9643041	0.9832936	0.8108584	0.95653486	0.60499585	0.94207555	0.8181063	0.9532166	0.6848586	0.8682355	0.8095168	0.9534456	0.88934326	0.8168541	0.82231045	0.8943075	0.9649592	0.77269673	0.9750588	0.95211136	0.6217966	0.9784492	0.98495954	0.7407392	0.8454363	0.0	0.9202239	0.6005375	0.9988869	0.902658	0.97899747	0.7041615	0.64045334	0.9326325	0.97293615	0.98146147	0.9205071	0.9474617	0.9103531	0.7529483	0.93037915	0.9959105	0.908347	0.72935176	0.6931329	0.7743051	0.60141444	0.84742343	0.9048914	0.90312606	0.9566865	0.9634646	0.87603545	0.6629236	0.8050654	0.9081235	0.9567084	0.83183265	0.8934743	0.9402366	0.58613884	0.4182102	0.9537145	0.928545	0.85510767	0.923338	0.9190052	0.9524583	0.904689	0.7716319	0.8200464	0.93640745	0.5277576	0.77344143	0.95341253	0.85130554	0.7953471	0.8094976	0.80076486	0.68471944	0.81404173	0.87274176	0.74675226	0.9979544	0.8202059	0.7964675	0.9980822	0.87772924	0.9096302	0.6484641	0.61853087	0.69418406	0.8555435	0.93240565	0.69084823	0.8209684	0.5962924	0.92336345	0.7620549	0.8751396	0.98374426	0.48662627	0.87360936	0.87705064	0.8817433	0.5714437
dit/det	0.7911401	0.8236909	0.8585349	0.9158288	0.7728255	0.89836097	0.7896617	0.7383412	0.7752112	0.80279267	0.88784266	0.800614	0.9899937	0.6659769	0.87157094	0.9123608	0.70475554	0.8869591	0.930049	0.85081255	0.8796944	0.9893132	0.7407557	0.8129783	0.6753154	0.8326519	0.9202239	0.0	0.88690054	0.9490335	0.8091183	0.96297795	0.8769321	0.8009634	0.73836046	0.8911624	0.8847802	0.6859643	0.9072932	0.7408471	0.9394735	0.88217914	0.95431876	0.63669217	0.7549369	0.6485597	0.85830104	0.92531943	0.9282619	0.5184184	0.9201397	0.84934986	0.60182333	0.86241955	0.950205	0.8299919	0.77722925	0.7533458	0.8811685	0.90052253	0.8154881	0.9059989	0.936056	0.7589028	0.91197556	0.78457046	0.56147397	0.87720543	0.7931277	0.6844094	0.86282647	0.9251684	0.96105003	0.9660575	0.8500663	0.81608987	0.8849612	0.6625002	0.91095257	0.87458795	0.741651	0.9122412	0.7604226	0.82738644	0.8958353	0.85392576	0.974523	0.77977437	0.8414707	0.8143099	0.8673326	0.82723546	0.76394534	0.9050489	0.91263235	0.97194624	0.7688496	0.90083355	0.7366347	0.8420995	0.9866835	0.7677469	0.9149041	0.7214018	0.8070661	0.8454201	0.92260635
document/noun	0.9172048	0.91086155	0.9648049	0.9556397	0.65972805	0.48552918	0.830536	0.84039366	0.7583623	0.7765555	0.9701582	0.7894628	0.7843782	0.67763823	0.95298785	0.74088323	0.69054806	0.8706988	0.844277	0.9198926	0.68651265	0.72789156	0.73545897	0.90438867	0.6933925	0.78979933	0.6005375	0.88690054	0.0	0.98879063	0.98089993	0.99437445	0.67694294	0.64514714	0.9474636	0.95712674	0.79821134	0.8806409	0.9135221	0.6112052	0.6332204	0.80261725	0.9902753	0.7629286	0.36480814	0.57939196	0.77554464	0.45631427	0.8223322	0.6541892	0.8624958	0.85818225	0.7635416	0.8095924	0.832809	0.861383	0.76848197	0.9507412	0.801765	0.570235	0.65069604	0.28500783	0.27323788	0.8568612	0.7318658	0.742154	0.7047707	0.7978143	0.5654992	0.772281	0.70652854	0.45826566	0.9712733	0.37565047	0.71447814	0.7205592	0.9453124	0.6599288	0.8707721	0.84596825	0.6759687	0.7562107	0.6638882	0.5519031	0.9942403	0.8295192	0.8945847	0.86385673	0.9291439	0.7970977	0.7362734	0.41935635	0.6424702	0.591499	0.7761005	0.67596066	0.4202549	0.28689414	0.71718645	0.6909499	0.8067569	0.9330323	0.43368244	0.73008907	0.8467847	0.571265	0.55245185
doelpunt/noun	0.79117584	0.95854783	0.9992376	0.95234466	0.9980184	0.97222006	0.9911277	0.9241383	0.96543163	0.96304727	0.99979067	0.99273556	0.9591644	0.990005	0.9869498	0.99588805	0.96792305	0.9641284	0.97316194	0.999803	1.0	0.98582387	0.9966472	1.0	0.96521235	0.80745244	0.9988869	0.9490335	0.98879063	0.0	1.0	0.615966	0.9663697	0.9384085	0.9544117	0.949001	0.98178923	0.9919778	0.9320384	0.9959188	0.99309105	0.9882628	0.18932903	0.99108875	0.99024594	0.9912852	0.99737763	0.9948588	0.9736304	0.95653194	0.7603469	0.995584	0.9630663	0.9383999	0.9518535	0.9604366	0.8015298	0.9847262	0.94941723	0.98978955	0.96667606	0.96015406	0.98329693	0.72959137	0.92756736	0.9771737	0.95861757	0.9981431	0.9488835	0.9737478	0.92499316	0.9994524	0.9425151	1.0	0.640841	1.0	0.7739461	0.9891768	0.97379684	0.98835135	0.9261632	0.96729934	0.990551	0.98898584	0.1407274	0.9876326	0.98992085	0.9934186	0.957681	0.9965114	0.98653936	0.98875344	0.98511004	0.9942369	0.97889286	1.0	0.9935771	0.9996773	0.9085304	0.9844696	0.9965859	0.84748286	0.9840164	0.9987548	0.8230246	0.9701621	0.99920404
door/adj	0.99675775	0.9834893	0.87956786	0.91201633	0.97688645	0.97515345	0.9887687	0.9251647	0.971072	0.74041176	0.9942247	0.9634262	0.88402796	0.988676	0.97315204	0.8931239	0.9905663	0.97383296	0.9038862	0.99248576	0.98386234	0.97416663	0.9665133	0.98421985	0.9835058	0.88559574	0.902658	0.8091183	0.98089993	1.0	0.0	1.0	0.55869365	0.8391708	0.9801201	0.9605076	0.9907571	0.9116574	0.9910605	0.988343	0.8940755	0.75956494	0.99154437	0.9548681	0.9881782	0.93627596	0.9136745	0.9819908	0.5066664	0.93409586	0.9407939	0.98561364	0.7966085	0.93921566	0.97391474	0.8144454	0.9394665	0.97630376	0.76106775	0.98526126	0.95972556	0.96768814	0.96380335	0.9098707	0.9832786	0.85097814	0.98638546	0.9509175	0.9871974	0.98324245	0.97507435	0.9885928	0.9458047	0.99067456	0.9622232	0.9535696	0.9919119	0.9827212	0.93006086	0.9212183	0.93040353	0.9739813	0.89921504	0.9261359	1.0	0.91308826	0.59410584	0.9996305	0.9664776	0.8650887	0.98850334	0.9045714	0.92752874	0.9925824	0.9907503	0.96164197	0.9681157	0.9877512	0.98762417	0.9704122	0.9556626	0.85574853	0.98553216	0.9313578	0.967815	0.999163	0.86421186
eind_uitslag/noun	0.55294174	0.94474924	0.99349385	0.9686036	0.9774465	0.9809638	0.97699964	0.86090654	0.9757856	0.96072763	0.71216434	0.8979264	0.9728147	0.9902898	0.95481086	1.0	0.68144995	0.940211	0.9568321	0.9982977	1.0	0.9908016	0.99281794	0.9481396	0.9786716	0.8431721	0.97899747	0.96297795	0.99437445	0.615966	1.0	0.0	0.9320205	0.9487668	0.96527827	0.966804	0.97345537	0.9852728	0.9558013	0.9885412	0.9843624	0.9437766	0.6533591	0.9564553	0.88139117	0.97557634	0.9922545	0.9775097	0.9691631	0.9626692	0.88606817	0.5238284	0.9529511	0.995918	0.91263187	0.94056666	0.93080777	0.97314566	0.97078544	0.96770805	0.98443496	0.96423936	0.996626	0.9034446	0.62960947	0.92956984	1.0	0.7184005	0.9837606	0.69825494	0.88571614	0.9857221	0.9603232	1.0	0.73787844	1.0	0.64800835	0.9022958	0.9806415	0.97434634	0.9238101	0.97485906	0.944471	0.7658847	0.7035124	0.9919466	0.9998667	0.8007978	0.6328857	0.95371324	0.9468795	0.9736461	0.96085334	0.9342833	0.98486763	0.97375464	0.8100801	0.9854817	0.9528507	0.90395355	0.99774694	0.9783606	0.9625004	0.90379643	0.8809065	0.98030895	0.973657
en/vg	0.96369946	0.9603079	0.7737788	0.7651963	0.95100653	0.7494291	0.89349973	0.82914656	0.89859855	0.64408773	0.9011333	0.86237127	0.8388988	0.9001473	0.81963277	0.87858564	0.90179616	0.8473569	0.7891202	0.976801	0.85072947	0.5833938	0.89977825	0.9424692	0.84582067	0.8422478	0.7041615	0.8769321	0.67694294	0.9663697	0.55869365	0.9320205	0.0	0.5370401	0.9756389	0.6278311	0.98664176	0.9502075	0.6079868	0.9030327	0.7452941	0.80745023	0.95919675	0.9057208	0.7701465	0.7542542	0.8767286	0.605608	0.6882251	0.88268167	0.5407654	0.9279546	0.8945737	0.87240565	0.82824737	0.86975944	0.891168	0.94921696	0.68860745	0.8051196	0.9176992	0.5801083	0.59889925	0.88759154	0.85534596	0.75773954	0.93601274	0.8022002	0.8671345	0.9308557	0.83209944	0.7668891	0.65905356	0.5399004	0.8238471	0.8201567	0.8961018	0.7586343	0.8891225	0.7976655	0.85387146	0.55963683	0.85664	0.77707493	0.9756944	0.68794274	0.6666822	0.9525163	0.91371244	0.844983	0.84061986	0.6377785	0.78061587	0.851064	0.85049945	0.65649295	0.859275	0.65056956	0.9581599	0.8261078	0.62888265	0.87988496	0.7045804	0.83161855	0.7554224	0.8767446	0.64058554
enkel/adj	0.8791485	0.7802043	0.85293436	0.6591863	0.6883464	0.61930466	0.7797578	0.64643747	0.7798651	0.6161941	0.8822564	0.6636424	0.73101246	0.69987935	0.82904816	0.7831085	0.7090298	0.84084743	0.76191676	0.8891898	0.82810086	0.69154894	0.80140334	0.86146754	0.65094954	0.74895537	0.64045334	0.8009634	0.64514714	0.9384085	0.8391708	0.9487668	0.5370401	0.0	0.9556566	0.6236229	0.8061694	0.6831405	0.56566167	0.67127675	0.7265085	0.8037383	0.91935647	0.66750574	0.68690836	0.66718423	0.7746144	0.532638	0.7937691	0.68939686	0.60522187	0.7907292	0.8385105	0.7178917	0.77539766	0.6092303	0.7330053	0.83802783	0.65113086	0.9118663	0.70645845	0.53233004	0.6279761	0.8476038	0.72803235	0.645963	0.71295506	0.7766402	0.7404269	0.82175714	0.6636779	0.8263129	0.660848	0.69596326	0.69114774	0.90464646	0.87003475	0.723619	0.8302586	0.6931503	0.69378275	0.6304306	0.65185267	0.66098744	0.9237296	0.7794565	0.8394058	0.89053947	0.9204543	0.82911605	0.87662065	0.7586051	0.6328745	0.8136343	0.9077654	0.6695204	0.676821	0.7221838	0.75060976	0.59951353	0.74535227	0.8577562	0.6945081	0.71081114	0.7821833	0.7575463	0.5044583
